# SAXS profile: number of points = 500, q_min = 0.0299999993294477, q_max = 0.487269997596741, delta_q = 0.000916372742018623
# offset = 0.00000000000000, scaling c = 1.71653273087347e-09, Chi^2 = 279.073721159316
#  q       exp_intensity   error model_intensity
0.03000000 22495.80078125  149.98599243 10926.53843764 
0.03016810 21895.59960938  147.97200012 10827.64051260 
0.03033710 21341.69921875  146.08799744 10728.21221332 
0.03050700 20779.19921875  144.14999390 10628.25571626 
0.03067790 20192.69921875  142.10099792 10527.71074991 
0.03084980 19686.50000000  140.30900574 10426.57731425 
0.03102260 19156.19921875  138.40600586 10325.11415919 
0.03119640 18646.40039062  136.55200195 10224.40620784 
0.03137120 18102.30078125  134.54499817 10123.11974809 
0.03154690 17620.59960938  132.74299622 10021.31090388 
0.03172360 17114.00000000  130.82000732 9918.92139266  
0.03190130 16625.80078125  128.94099426 9815.95337304  
0.03208010 16134.50000000  127.02200317 9713.18452757  
0.03225980 15671.59960938  125.18599701 9610.93283997  
0.03244050 15225.40039062  123.39099884 9508.11306388  
0.03262220 14778.90039062  121.56800079 9404.72307957  
0.03280500 14333.20019531  119.72100067 9300.70777399  
0.03298870 13921.29980469  117.98899841 9196.17949298  
0.03317350 13483.00000000  116.11599731 9093.07243287  
0.03335940 13060.79980469  114.28399658 8989.48631163  
0.03354630 12642.90039062  112.44100189 8885.34387840  
0.03373420 12244.40039062  110.65399933 8780.64305740  
0.03392320 11859.20019531  108.90000153 8675.32780228  
0.03411320 11493.50000000  107.20800018 8570.94633174  
0.03430430 11113.40039062  105.41999817 8466.97449517  
0.03449650 10734.00000000  103.60500336 8362.40271975  
0.03468970 10376.09960938  101.86299896 8257.28978326  
0.03488410 10051.09960938  100.25499725 8151.52218375  
0.03507950 9726.37011719   98.62239838 8046.35079493  
0.03527600 9388.01953125   96.89179993 7942.26332744  
0.03547360 9075.62988281   95.26609802 7837.59175298  
0.03567240 8772.84960938   93.66349792 7732.28476485  
0.03587220 8470.62011719   92.03600311 7626.44892312  
0.03607320 8166.95996094   90.37129974 7521.10986249  
0.03627520 7880.00000000   88.76940155 7417.23764629  
0.03647850 7607.54003906   87.22119904 7312.69688104  
0.03668280 7344.06005859   85.69750214 7207.64273143  
0.03688830 7067.85986328   84.07060242 7101.96983872  
0.03709500 6813.37011719   82.54309845 6997.24771395  
0.03730280 6580.27001953   81.11889648 6893.81770895  
0.03751170 6348.52001953   79.67759705 6789.84071032  
0.03772190 6110.99023438   78.17279816 6685.21659041  
0.03793320 5883.60986328   76.70469666 6580.04362266  
0.03814570 5667.91015625   75.28549957 6476.80086475  
0.03835940 5460.43994141   73.89479828 6374.13794026  
0.03857430 5265.12011719   72.56109619 6270.89875043  
0.03879040 5066.37011719   71.17839813 6167.08329526  
0.03900770 4875.89990234   69.82759857 6062.83110272  
0.03922620 4708.81005859   68.62079620 5961.82288905  
0.03944600 4535.45019531   67.34580231 5860.21365127  
0.03966690 4368.81005859   66.09700012 5758.09638452  
0.03988920 4204.93994141   64.84549713 5655.32987398  
0.04011260 4045.07006836   63.60089874 5554.17419637  
0.04033730 3904.14990234   62.48320007 5454.52363128  
0.04056330 3764.09008789   61.35219955 5354.29814002  
0.04079050 3626.63989258   60.22159958 5253.54067685  
0.04101910 3491.46997070   59.08860016 5152.52862479  
0.04124880 3370.17993164   58.05319977 5055.09147041  
0.04147990 3238.93994141   56.91170120 4957.05855860  
0.04171230 3125.09008789   55.90250015 4858.47571686  
0.04194600 3018.20996094   54.93820190 4759.33978467  
0.04218100 2911.23999023   53.95589828 4663.22707219  
0.04241730 2807.94995117   52.99010086 4567.65456211  
0.04265490 2714.57006836   52.10150146 4471.55470140  
0.04289380 2624.02001953   51.22520065 4374.93050347  
0.04313410 2540.11010742   50.39950180 4280.42894897  
0.04337580 2457.09008789   49.56900024 4187.51867975  
0.04361880 2377.52001953   48.75979996 4094.11007089  
0.04386310 2303.11010742   47.99069977 4000.20025837  
0.04410880 2234.16992188   47.26699829 3907.95484431  
0.04435590 2172.73999023   46.61259842 3817.97257528  
0.04460440 2108.82006836   45.92190170 3727.48023037  
0.04485430 2050.36010742   45.28089905 3636.47780958  
0.04510560 1997.70996094   44.69580078 3547.11788798  
0.04535830 1941.95996094   44.06769943 3460.24659817  
0.04561240 1889.18005371   43.46469879 3372.89506638  
0.04586790 1842.31994629   42.92219925 3285.06073134  
0.04612480 1795.56005859   42.37400055 3199.28745749  
0.04638320 1752.79003906   41.86629868 3115.71985538  
0.04664310 1714.82995605   41.41049957 3031.66551955  
0.04690440 1678.93005371   40.97470093 2947.15938881  
0.04716710 1644.32995605   40.55039978 2865.58084286  
0.04743140 1609.43005371   40.11769867 2785.45192169  
0.04769710 1579.35998535   39.74119949 2704.89720938  
0.04796430 1551.55004883   39.38970184 2623.88847046  
0.04823300 1520.31005859   38.99119949 2547.10760007  
0.04850320 1495.72998047   38.67459869 2470.61807875  
0.04877490 1475.63000488   38.41400146 2393.70462334  
0.04904810 1452.09997559   38.10639954 2317.31711236  
0.04932290 1428.96997070   37.80179977 2244.95330538  
0.04959920 1413.69995117   37.59909821 2172.19415889  
0.04987710 1392.39001465   37.31470108 2099.01416711  
0.05015650 1370.18005371   37.01599884 2028.47886245  
0.05043750 1355.48999023   36.81700134 1959.94118615  
0.05072000 1338.31005859   36.58290100 1891.03733348  
0.05100410 1320.41003418   36.33739853 1821.82052377  
0.05128990 1308.76000977   36.17679977 1757.53395985  
0.05157720 1294.50000000   35.97919846 1692.91054067  
0.05186610 1281.83996582   35.80279922 1627.92680368  
0.05215670 1264.78002930   35.56370163 1565.45666590  
0.05244890 1249.06005859   35.34199905 1505.13252290  
0.05274270 1237.21997070   35.17419815 1444.47690322  
0.05303820 1225.03002930   35.00049973 1384.15419197  
0.05333530 1213.47998047   34.83499908 1328.12857855  
0.05363410 1199.68994141   34.63650131 1271.78333258  
0.05393450 1188.94995117   34.48120117 1215.13601631  
0.05423670 1180.22998047   34.35440063 1162.23039250  
0.05454050 1169.75000000   34.20169830 1110.17968467  
0.05484610 1151.16003418   33.92879868 1057.82069746  
0.05515330 1140.67004395   33.77379990 1007.73434595  
0.05546230 1128.64001465   33.59529877 959.92553629   
0.05577300 1114.14001465   33.37870026 911.85389836   
0.05608540 1103.89001465   33.22480011 864.86821734   
0.05639960 1094.92004395   33.08969879 821.21786639   
0.05671560 1077.89001465   32.83129883 777.31702612   
0.05703330 1063.98999023   32.61880112 733.68317548   
0.05735280 1049.78002930   32.40029907 694.12265679   
0.05767410 1040.36999512   32.25469971 654.33934639   
0.05799720 1024.72998047   32.01150131 614.33278302   
0.05832210 1010.71997070   31.79179955 578.70185365   
0.05864880 997.34802246    31.58079910 542.91423269   
0.05897740 981.09301758    31.32239914 506.91808151   
0.05930780 965.37298584    31.07049942 474.86957433   
0.05964000 949.24200439    30.80979919 442.95221486   
0.05997410 935.98602295    30.59390068 410.85267501   
0.06031010 921.82702637    30.36160088 382.48537514   
0.06064790 902.27099609    30.03779984 354.29460726   
0.06098770 888.42498779    29.80649948 325.93720302   
0.06132940 871.28302002    29.51749992 301.31159014   
0.06167290 856.38299561    29.26399994 276.70210880   
0.06201840 840.85400391    28.99749947 252.15021150   
0.06236590 822.49597168    28.67919922 231.04431055   
0.06271520 802.94201660    28.33620071 209.82912646   
0.06306660 787.27301025    28.05839920 189.15874066   
0.06341990 769.58599854    27.74139977 171.26663279   
0.06377510 751.74200439    27.41790009 153.27830847   
0.06413240 736.95001221    27.14679909 136.40304610   
0.06449170 722.46801758    26.87879944 121.51656748   
0.06485300 703.60797119    26.52560043 106.54705006   
0.06521630 687.35601807    26.21750069 93.31556126    
0.06558160 670.46997070    25.89340019 81.25606492    
0.06594900 652.62799072    25.54660034 69.12696004    
0.06631850 635.80200195    25.21509933 59.34467504    
0.06669000 620.93499756    24.91860008 49.89830917    
0.06706360 602.24902344    24.54080009 40.83037787    
0.06743930 587.02697754    24.22859955 33.82841166    
0.06781710 570.85498047    23.89259911 26.78742684    
0.06819700 557.43499756    23.61009979 20.89001349    
0.06857900 538.20697021    23.19930077 16.06409739    
0.06896320 525.40502930    22.92169952 11.21050888    
0.06934960 510.89199829    22.60289955 8.18475243     
0.06973810 496.14999390    22.27440071 5.33901526     
0.07012870 479.89599609    21.90649986 3.06619508     
0.07052160 466.11099243    21.58959961 1.98439484     
0.07091670 452.41000366    21.26989937 0.89654289     
0.07131390 441.62799072    21.01490021 1.02265571     
0.07171340 425.83801270    20.63579941 1.47508309     
0.07211520 413.38000488    20.33169937 2.30846122     
0.07251920 402.83599854    20.07080078 4.09291011     
0.07292540 391.41500854    19.78420067 5.88710002     
0.07333400 379.20800781    19.47330093 8.57076968     
0.07374480 368.61898804    19.19939995 11.46629337    
0.07415790 357.32299805    18.90299988 14.71558832    
0.07457330 348.22500610    18.66080093 18.53166872    
0.07499110 338.07000732    18.38669968 22.36978840    
0.07541120 328.09600830    18.11339951 26.88629517    
0.07583370 318.00698853    17.83270073 31.44290758    
0.07625850 311.17599487    17.64019966 36.31376733    
0.07668570 302.66598511    17.39730072 41.39929259    
0.07711530 296.56900024    17.22120094 46.59477609    
0.07754730 287.14099121    16.94519997 52.04217297    
0.07798170 279.24499512    16.71059990 57.51991563    
0.07841860 271.87200928    16.48850060 63.15932600    
0.07885790 265.01199341    16.27919960 68.83552733    
0.07929970 259.03100586    16.09440041 74.53981935    
0.07974390 252.04100037    15.87580013 80.27296185    
0.08019060 246.39999390    15.69709969 85.97338721    
0.08063990 240.78500366    15.51720047 91.61910773    
0.08109160 236.71099854    15.38539982 97.24312517    
0.08154590 230.98500061    15.19820023 102.69449768   
0.08200270 225.83000183    15.02760029 108.17376126   
0.08246210 222.21699524    14.90690041 113.32020076   
0.08292400 217.18800354    14.73729992 118.49460097   
0.08338860 214.29200745    14.63869953 123.31061370   
0.08385570 209.28399658    14.46669960 128.07623839   
0.08432550 204.78500366    14.31029987 132.50620547   
0.08479790 201.55400085    14.19699955 136.79882999   
0.08527290 197.74000549    14.06200027 140.78159815   
0.08575060 193.89900208    13.92479992 144.53854894   
0.08623100 190.33500671    13.79619980 148.01204695   
0.08671410 186.88600159    13.67059994 151.17425998   
0.08719990 182.81799316    13.52099991 154.08045800   
0.08768840 179.81199646    13.40939999 156.60915437   
0.08817960 178.50700378    13.36069965 158.90649546   
0.08867360 173.89799500    13.18700027 160.78886064   
0.08917030 170.82299805    13.06989956 162.44465517   
0.08966990 167.60899353    12.94639969 163.65344083   
0.09017220 165.39500427    12.86060047 164.63759202   
0.09067740 160.91000366    12.68500042 165.18169033   
0.09118530 158.25399780    12.57989979 165.48993345   
0.09169620 155.01199341    12.45040035 165.38186170   
0.09220990 151.92599487    12.32579994 165.01036245   
0.09272640 148.69999695    12.19429970 164.25432008   
0.09324590 146.98599243    12.12380028 163.21096021   
0.09376820 145.02699280    12.04269981 161.84546438   
0.09429350 141.46899414    11.89410019 160.15942143   
0.09482180 136.87800598    11.69950008 158.21531623   
0.09535300 134.76600647    11.60890007 155.91826533   
0.09588710 132.66099548    11.51790047 153.43489806   
0.09642430 130.19099426    11.41009998 150.57680532   
0.09696450 126.47699738    11.24619961 147.60627330   
0.09750770 123.34300232    11.10599995 144.24056083   
0.09805390 121.29199982    11.01319981 140.79645135   
0.09860320 118.83000183    10.90089989 137.02822109   
0.09915560 116.65000153    10.80049992 133.15836325   
0.09971110 112.65399933    10.61390018 129.06081834   
0.10027000 109.94599915    10.48550034 124.83265396   
0.10083100 107.58499908    10.37230015 120.47533588   
0.10139600 105.52500153    10.27260017 115.98752161   
0.10196400 102.99400330    10.14859962 111.43326152   
0.10253500 101.13700104    10.05669975 106.75715546   
0.10311000 97.36840057     9.86754036 102.03715532   
0.10368800 95.59169769     9.77709961 97.27309693    
0.10426800 92.86869812     9.63683987 92.50278580    
0.10485200 90.80480194     9.52915955 87.71153083    
0.10544000 88.77649689     9.42212963 82.94490014    
0.10603100 87.35820007     9.34655952 78.18068234    
0.10662500 84.22789764     9.17757988 73.52542054    
0.10722200 82.52349854     9.08423996 68.91289104    
0.10782300 80.76589966     8.98698044 64.38213764    
0.10842700 77.62359619     8.81042957 59.98618289    
0.10903400 76.56520081     8.75014973 55.64829119    
0.10964500 74.34089661     8.62211990 51.52401083    
0.11025900 72.45999908     8.51233959 47.50407991    
0.11087700 71.25530243     8.44128990 43.62976561    
0.11149800 69.31089783     8.32532024 39.98677183    
0.11212200 68.52390289     8.27791977 36.45401028    
0.11275100 66.58419800     8.15991020 33.16577107    
0.11338200 65.17109680     8.07285976 30.08415207    
0.11401700 63.98960114     7.99935007 27.13501748    
0.11465600 61.89239883     7.86716986 24.52112144    
0.11529800 61.27809906     7.82804012 22.06674230    
0.11594400 59.89390182     7.73910999 19.79665229    
0.11659400 57.88629913     7.60831022 17.84221973    
0.11724700 57.69869995     7.59596014 16.04868434    
0.11790400 56.14509964     7.49300003 14.47349620    
0.11856400 54.27289963     7.36701012 13.18993508    
0.11922900 53.76559830     7.33249998 12.06367092    
0.11989600 51.99589920     7.21082020 11.15506299    
0.12056800 51.32500076     7.16415024 10.51078356    
0.12124400 50.20959854     7.08586979 10.02072299    
0.12192300 49.39739990     7.02832985 9.72075885     
0.12260600 47.44919968     6.88834000 9.65854301     
0.12329300 46.72079849     6.83525991 9.73018847     
0.12398300 46.83480072     6.84358978 9.94209039     
0.12467800 44.98830032     6.70733023 10.37204322    
0.12537600 44.09379959     6.64031982 10.90945137    
0.12607899 42.80179977     6.54231024 11.55506015    
0.12678500 42.68519974     6.53339005 12.34607947    
0.12749501 41.23239899     6.42124987 13.22354939    
0.12820899 40.89450073     6.39487982 14.17042982    
0.12892801 40.26810074     6.34571981 15.19379287    
0.12965000 39.02059937     6.24665022 16.27973093    
0.13037600 38.23490143     6.18344021 17.38999639    
0.13110700 37.58459854     6.13063002 18.52030301    
0.13184100 36.47249985     6.03924990 19.66298900    
0.13258000 36.00070190     6.00006008 20.78880023    
0.13332200 35.01570129     5.91740990 21.89274402    
0.13406900 33.88190079     5.82081985 22.97150975    
0.13482000 33.64979935     5.80084991 23.98911196    
0.13557599 32.60049820     5.70969009 24.93911269    
0.13633500 32.04809952     5.66110992 25.82235713    
0.13709900 31.33110046     5.59742022 26.63358112    
0.13786700 30.68320084     5.53923988 27.32962048    
0.13863900 30.16049957     5.49185991 27.92569284    
0.13941599 29.78709984     5.45774984 28.41776833    
0.14019699 29.03619957     5.38851976 28.79736266    
0.14098200 28.17009926     5.30754995 29.06009441    
0.14177200 27.52319908     5.24625015 29.17194816    
0.14256600 27.11260033     5.20697021 29.16624454    
0.14336500 26.32299995     5.13058996 29.04297530    
0.14416800 25.58169937     5.05783987 28.80012073    
0.14497600 25.61689949     5.06130981 28.42642579    
0.14578800 24.74959946     4.97489977 27.91678514    
0.14660500 24.56599998     4.95640993 27.29124785    
0.14742599 24.17840004     4.91715002 26.56175134    
0.14825200 23.62689972     4.86075020 25.73008351    
0.14908201 23.38409996     4.83571005 24.79611786    
0.14991800 22.71990013     4.76654005 23.77870474    
0.15075700 22.61249924     4.75525999 22.67407579    
0.15160200 22.02499962     4.69307995 21.50298716    
0.15245099 21.50300026     4.63713980 20.27589837    
0.15330499 21.45700073     4.63217020 19.00376376    
0.15416400 21.24640083     4.60937977 17.69982316    
0.15502800 20.08639908     4.48179007 16.36790617    
0.15589599 20.21780014     4.49641991 15.02876487    
0.15676901 19.68320084     4.43658018 13.70089115    
0.15764800 19.22820091     4.38499022 12.38631090    
0.15853100 18.61079979     4.31402016 11.09892136    
0.15941900 18.68400002     4.32250023 9.85067817     
0.16031200 18.58729935     4.31129980 8.65198896     
0.16121000 18.35779953     4.28459978 7.51306985     
0.16211300 17.81010056     4.22021008 6.44952747     
0.16302100 17.51309967     4.18486023 5.45266926     
0.16393501 17.50200081     4.18353987 4.56306198     
0.16485301 17.25790024     4.15426016 3.76391311     
0.16577700 16.84709930     4.10451984 3.06457691     
0.16670500 16.69930077     4.08648014 2.46253135     
0.16763900 16.56220055     4.06967020 1.97008253     
0.16857800 16.05830002     4.00727987 1.58332388     
0.16952300 15.91609955     3.98950005 1.30171612     
0.17047200 15.54769993     3.94305992 1.12673960     
0.17142700 15.70740032     3.96325994 1.05473949     
0.17238800 15.42310047     3.92722011 1.08057085     
0.17335300 14.99079990     3.87179995 1.19887831     
0.17432401 14.85779953     3.85457993 1.40761216     
0.17530100 14.78929996     3.84569001 1.69568861     
0.17628300 14.70699978     3.83497000 2.05292140     
0.17727099 14.54469967     3.81375003 2.47477505     
0.17826401 14.08409977     3.75288010 2.94854738     
0.17926200 13.77000046     3.71079993 3.46359386     
0.18026701 13.85760021     3.72257996 4.01274687     
0.18127599 13.96850014     3.73744988 4.58202397     
0.18229200 13.91329956     3.73005009 5.15678040     
0.18331300 13.67570019     3.69806004 5.73127253     
0.18434000 13.12310028     3.62259007 6.29050003     
0.18537299 13.33349991     3.65151000 6.82447905     
0.18641099 13.11750031     3.62180996 7.32591714     
0.18745600 13.02540016     3.60907006 7.78587566     
0.18850601 12.95979977     3.59997010 8.19098796     
0.18956199 12.68640041     3.56180000 8.54010227     
0.19062400 12.55819988     3.54375005 8.82534377     
0.19169199 12.36690044     3.51665998 9.03903185     
0.19276500 12.29930019     3.50704002 9.18350861     
0.19384500 12.09770012     3.47816992 9.24900872     
0.19493100 12.09140015     3.47726989 9.24201359     
0.19602300 12.08069992     3.47572994 9.15798264     
0.19712099 11.72869968     3.42471004 8.99026398     
0.19822600 11.96689987     3.45933008 8.75855431     
0.19933601 11.80720043     3.43617010 8.45379793     
0.20045300 11.74009991     3.42637992 8.09530239     
0.20157599 11.51860046     3.39390993 7.68061426     
0.20270500 11.24320030     3.35308003 7.21898020     
0.20384100 11.23989964     3.35259008 6.71641314     
0.20498200 11.24960041     3.35403991 6.19025353     
0.20613100 11.26220036     3.35593009 5.63432430     
0.20728600 11.29549980     3.36086988 5.06849819     
0.20844699 11.27219963     3.35739994 4.50441495     
0.20961501 11.06579971     3.32652998 3.94727051     
0.21078900 10.92210007     3.30486989 3.40790679     
0.21197000 10.87559986     3.29782009 2.89529307     
0.21315700 10.88780022     3.29966998 2.40979670     
0.21435100 10.58990002     3.25422001 1.97756587     
0.21555200 10.79319954     3.28529000 1.59023881     
0.21675999 10.62020016     3.25886011 1.25509201     
0.21797401 10.55340004     3.24860001 0.97622309     
0.21919499 10.35410023     3.21778989 0.76078497     
0.22042300 10.42609978     3.22895002 0.60453141     
0.22165801 10.35270023     3.21756005 0.50961896     
0.22289900 10.39570045     3.22424006 0.47255589     
0.22414801 10.13529968     3.18359995 0.49584609     
0.22540399 10.18570042     3.19149995 0.57316221     
0.22666700 9.96942043      3.15743995 0.69953108     
0.22793600 9.93299961      3.15166998 0.86810982     
0.22921300 10.12609959     3.18215990 1.07113838     
0.23049700 9.82944012      3.13519001 1.30514984     
0.23178899 9.89095020      3.14498997 1.55649082     
0.23308700 9.87559032      3.14253998 1.82687482     
0.23439300 9.90264988      3.14685011 2.09031951     
0.23570600 9.72846031      3.11905003 2.35220719     
0.23702601 9.72898960      3.11912990 2.60308395     
0.23835400 9.75022984      3.12254000 2.83157454     
0.23968901 9.59939957      3.09828997 3.03093764     
0.24103200 9.66506004      3.10887003 3.20132711     
0.24238200 9.56575012      3.09284997 3.32681348     
0.24374001 9.41903973      3.06904006 3.41524415     
0.24510600 9.46512985      3.07655001 3.45921824     
0.24647900 9.41291046      3.06804991 3.45205491     
0.24786000 9.25277042      3.04184008 3.40675750     
0.24924800 9.30900955      3.05106997 3.31153629     
0.25064400 9.17319012      3.02872992 3.17330356     
0.25204900 9.08047962      3.01338005 3.00669973     
0.25346100 9.19235992      3.03188992 2.79949989     
0.25488001 8.96438026      2.99406004 2.56880647     
0.25630799 9.08409977      3.01397991 2.31644894     
0.25774401 8.97797966      2.99633002 2.05465802     
0.25918800 9.08545017      3.01420999 1.78737767     
0.26064000 9.08403015      3.01396990 1.51697190     
0.26210001 8.92304039      2.98714995 1.26050484     
0.26356801 8.82022953      2.96989012 1.01989979     
0.26504499 8.73929977      2.95622993 0.80155826     
0.26653001 8.66028023      2.94284010 0.61102264     
0.26802301 8.69176960      2.94817996 0.45536979     
0.26952401 8.89500046      2.98245001 0.33430946     
0.27103400 8.69032955      2.94794011 0.25235165     
0.27255300 8.66860962      2.94425011 0.21275571     
0.27407899 8.52289009      2.91939998 0.20680420     
0.27561501 8.53979969      2.92229009 0.24115710     
0.27715901 8.48209953      2.91240001 0.30841512     
0.27871200 8.58753967      2.93044996 0.40650430     
0.28027299 8.53114033      2.92080998 0.53020710     
0.28184301 8.40215969      2.89864993 0.67172738     
0.28342199 8.43570042      2.90442991 0.82809785     
0.28501001 8.38901043      2.89637995 0.98530553     
0.28660601 8.39177036      2.89685011 1.14906006     
0.28821200 8.32266998      2.88490009 1.30066583     
0.28982601 8.20038033      2.86363006 1.44026655     
0.29144999 8.40688038      2.89946008 1.55672663     
0.29308301 8.43614960      2.90451002 1.65271873     
0.29472500 8.21407032      2.86601996 1.71869780     
0.29637599 8.31245995      2.88313007 1.75492231     
0.29803601 8.29759026      2.88054991 1.75929281     
0.29970601 8.33913040      2.88774991 1.73023398     
0.30138499 8.31820011      2.88413000 1.66804327     
0.30307299 8.22721004      2.86830997 1.58570855     
0.30477101 8.25004005      2.87228990 1.47197172     
0.30647799 8.22443008      2.86783004 1.33960453     
0.30819499 8.29298973      2.87976003 1.19476065     
0.30992201 8.31418037      2.88343000 1.03687201     
0.31165799 8.24131012      2.87076998 0.88036115     
0.31340399 8.28656006      2.87863994 0.72725338     
0.31515899 8.26708984      2.87525010 0.58262180     
0.31692499 8.14867020      2.85458994 0.45077540     
0.31869999 8.19935989      2.86345005 0.34221770     
0.32048601 8.22332001      2.86763000 0.25424002     
0.32228100 8.24071980      2.87066007 0.19485926     
0.32408699 8.31803036      2.88409996 0.15899051     
0.32590199 8.23254013      2.86924005 0.15149531     
0.32772800 8.30554008      2.88193011 0.16952801     
0.32956401 8.25759983      2.87360001 0.21118348     
0.33140999 8.20365047      2.86420012 0.27243642     
0.33326700 8.32779026      2.88579011 0.34628399     
0.33513400 8.53110981      2.92080998 0.43403724     
0.33701101 8.48939037      2.91366005 0.52189870     
0.33889899 8.48915005      2.91362000 0.61211895     
0.34079701 8.60031986      2.93263006 0.69434774     
0.34270701 8.61826992      2.93568993 0.76428557     
0.34462601 8.65437984      2.94182992 0.81925033     
0.34655699 8.66014957      2.94281006 0.85658555     
0.34849900 8.85614014      2.97592998 0.87068820     
0.35045099 8.80704975      2.96766996 0.86404311     
0.35241401 8.82590961      2.97083998 0.83499797     
0.35438800 8.77398014      2.96209002 0.78504285     
0.35637400 8.70001030      2.94957995 0.71774576     
0.35837001 8.79668045      2.96591997 0.63694024     
0.36037800 8.98855972      2.99809003 0.54628440     
0.36239699 8.77560043      2.96235991 0.45185629     
0.36442700 8.83934021      2.97309995 0.35685169     
0.36646801 8.84125042      2.97341990 0.26910613     
0.36852100 8.81336975      2.96872997 0.19117075     
0.37058601 8.86242008      2.97697997 0.12731951     
0.37266201 8.89599037      2.98260999 0.07836758     
0.37474900 8.80502033      2.96731997 0.05251661     
0.37684900 8.76587963      2.96072006 0.04647237     
0.37896001 8.90538025      2.98418999 0.05816476     
0.38108301 8.90678024      2.98442006 0.08622473     
0.38321799 8.84309959      2.97374010 0.13208225     
0.38536400 8.81451988      2.96893001 0.18884284     
0.38752300 8.73793030      2.95600009 0.25081574     
0.38969401 8.67029953      2.94454002 0.31604681     
0.39187700 8.78804016      2.96445990 0.38049481     
0.39407301 8.86061954      2.97668004 0.43580542     
0.39627999 8.85356998      2.97549009 0.48036719     
0.39850000 8.71461964      2.95204997 0.51057693     
0.40073299 8.76714993      2.96093988 0.52692761     
0.40297800 8.66835022      2.94421005 0.52419878     
0.40523499 8.74273014      2.95681000 0.50560513     
0.40750501 8.70705986      2.95076990 0.47377216     
0.40978801 8.74575996      2.95731997 0.42656935     
0.41208401 8.83028984      2.97158003 0.37543501     
0.41439199 8.80440044      2.96722007 0.31513172     
0.41671401 8.81853008      2.96959996 0.25797476     
0.41904801 8.72052002      2.95304990 0.20143579     
0.42139599 8.72943020      2.95456004 0.15473830     
0.42375600 8.79131031      2.96500993 0.11847745     
0.42613000 8.64659023      2.94051003 0.09446933     
0.42851701 8.69355965      2.94847989 0.08470657     
0.43091801 8.59193039      2.93120003 0.08969659     
0.43333200 8.66501045      2.94363999 0.10586449     
0.43575999 8.80578995      2.96745992 0.13346043     
0.43820101 8.67893982      2.94600010 0.16844899     
0.44065601 8.85229015      2.97528005 0.20554144     
0.44312400 8.73285007      2.95514011 0.24388048     
0.44560701 8.79827023      2.96619010 0.27625934     
0.44810301 8.74367046      2.95696998 0.30316688     
0.45061299 8.88171959      2.98022008 0.31901639     
0.45313701 8.74804020      2.95771003 0.32396275     
0.45567599 8.83051014      2.97162008 0.31574735     
0.45822901 8.92811012      2.98798990 0.29651011     
0.46079600 8.72597027      2.95396996 0.26680029     
0.46337700 8.80247021      2.96690011 0.23195946     
0.46597299 8.82820988      2.97123003 0.19162853     
0.46858299 8.85805988      2.97624993 0.15317735     
0.47120801 8.83504009      2.97237992 0.11572271     
0.47384799 8.92376995      2.98727012 0.08474593     
0.47650301 8.87257004      2.97868991 0.06227443     
0.47917199 8.91808987      2.98632002 0.05114660     
0.48185599 9.05167007      3.00860000 0.05043490     
0.48455599 8.93787956      2.98962998 0.05896259     
0.48727000 9.03722000      3.00620008 0.07600250     
