# SAXS profile: number of points = 500, q_min = 0.0299999993294477, q_max = 0.487269997596741, delta_q = 0.000916372742018623
# offset = 0.00000000000000, scaling c = 2.77746452349830e-09, Chi^2 = 317.267267151599
#  q       exp_intensity   error model_intensity
0.03000000 22495.80078125  149.98599243 9127.12093863  
0.03016810 21895.59960938  147.97200012 9049.24270904  
0.03033710 21341.69921875  146.08799744 8970.94683444  
0.03050700 20779.19921875  144.14999390 8892.23502486  
0.03067790 20192.69921875  142.10099792 8813.05981885  
0.03084980 19686.50000000  140.30900574 8733.42121642  
0.03102260 19156.19921875  138.40600586 8653.56370733  
0.03119640 18646.40039062  136.55200195 8574.57342384  
0.03137120 18102.30078125  134.54499817 8495.12938728  
0.03154690 17620.59960938  132.74299622 8415.27561846  
0.03172360 17114.00000000  130.82000732 8334.96640345  
0.03190130 16625.80078125  128.94099426 8254.20343537  
0.03208010 16134.50000000  127.02200317 8173.73963065  
0.03225980 15671.59960938  125.18599701 8093.85920934  
0.03244050 15225.40039062  123.39099884 8013.53498952  
0.03262220 14778.90039062  121.56800079 7932.76531521  
0.03280500 14333.20019531  119.72100067 7851.50713134  
0.03298870 13921.29980469  117.98899841 7769.84820404  
0.03317350 13483.00000000  116.11599731 7689.60528673  
0.03335940 13060.79980469  114.28399658 7609.00997009  
0.03354630 12642.90039062  112.44100189 7527.98181418  
0.03373420 12244.40039062  110.65399933 7446.51920394  
0.03392320 11859.20019531  108.90000153 7364.57853242  
0.03411320 11493.50000000  107.20800018 7283.55902601  
0.03430430 11113.40039062  105.41999817 7202.99218374  
0.03449650 10734.00000000  103.60500336 7121.96045422  
0.03468970 10376.09960938  101.86299896 7040.50938386  
0.03488410 10051.09960938  100.25499725 6958.55102101  
0.03507950 9726.37011719   98.62239838 6877.18772631  
0.03527600 9388.01953125   96.89179993 6796.86018802  
0.03547360 9075.62988281   95.26609802 6716.08187620  
0.03567240 8772.84960938   93.66349792 6634.81319588  
0.03587220 8470.62011719   92.03600311 6553.13638276  
0.03607320 8166.95996094   90.37129974 6471.96138531  
0.03627520 7880.00000000   88.76940155 6392.12679587  
0.03647850 7607.54003906   87.22119904 6311.77836990  
0.03668280 7344.06005859   85.69750214 6231.03536459  
0.03688830 7067.85986328   84.07060242 6149.81680285  
0.03709500 6813.37011719   82.54309845 6069.47513586  
0.03730280 6580.27001953   81.11889648 5990.30011468  
0.03751170 6348.52001953   79.67759705 5910.70637330  
0.03772190 6110.99023438   78.17279816 5830.61726464  
0.03793320 5883.60986328   76.70469666 5750.10801639  
0.03814570 5667.91015625   75.28549957 5671.28888487  
0.03835940 5460.43994141   73.89479828 5593.01282214  
0.03857430 5265.12011719   72.56109619 5514.29738187  
0.03879040 5066.37011719   71.17839813 5435.14256407  
0.03900770 4875.89990234   69.82759857 5355.66523531  
0.03922620 4708.81005859   68.62079620 5278.94830890  
0.03944600 4535.45019531   67.34580231 5201.77489762  
0.03966690 4368.81005859   66.09700012 5124.21563237  
0.03988920 4204.93994141   64.84549713 5046.16325881  
0.04011260 4045.07006836   63.60089874 4969.47593830  
0.04033730 3904.14990234   62.48320007 4894.07275418  
0.04056330 3764.09008789   61.35219955 4818.23453726  
0.04079050 3626.63989258   60.22159958 4741.99379000  
0.04101910 3491.46997070   59.08860016 4665.58212412  
0.04124880 3370.17993164   58.05319977 4592.11502963  
0.04147990 3238.93994141   56.91170120 4518.19873723  
0.04171230 3125.09008789   55.90250015 4443.86780059  
0.04194600 3018.20996094   54.93820190 4369.11983670  
0.04218100 2911.23999023   53.95589828 4296.83444055  
0.04241730 2807.94995117   52.99010086 4225.01228984  
0.04265490 2714.57006836   52.10150146 4152.79383838  
0.04289380 2624.02001953   51.22520065 4080.18135074  
0.04313410 2540.11010742   50.39950180 4009.28133204  
0.04337580 2457.09008789   49.56900024 3939.67128930  
0.04361880 2377.52001953   48.75979996 3869.68788155  
0.04386310 2303.11010742   47.99069977 3799.32896302  
0.04410880 2234.16992188   47.26699829 3730.29593922  
0.04435590 2172.73999023   46.61259842 3663.05879547  
0.04460440 2108.82006836   45.92190170 3595.44050945  
0.04485430 2050.36010742   45.28089905 3527.44108119  
0.04510560 1997.70996094   44.69580078 3460.72890408  
0.04535830 1941.95996094   44.06769943 3395.95978898  
0.04561240 1889.18005371   43.46469879 3330.83261718  
0.04586790 1842.31994629   42.92219925 3265.34547904  
0.04612480 1795.56005859   42.37400055 3201.44560364  
0.04638320 1752.79003906   41.86629868 3139.24437590  
0.04664310 1714.82995605   41.41049957 3076.68086141  
0.04690440 1678.93005371   40.97470093 3013.78106590  
0.04716710 1644.32995605   40.55039978 2953.09804092  
0.04743140 1609.43005371   40.11769867 2893.51593626  
0.04769710 1579.35998535   39.74119949 2833.61722267  
0.04796430 1551.55004883   39.38970184 2773.38090487  
0.04823300 1520.31005859   38.99119949 2716.29876529  
0.04850320 1495.72998047   38.67459869 2659.43493169  
0.04877490 1475.63000488   38.41400146 2602.25593705  
0.04904810 1452.09997559   38.10639954 2545.46075789  
0.04932290 1428.96997070   37.80179977 2491.62302836  
0.04959920 1413.69995117   37.59909821 2437.49117139  
0.04987710 1392.39001465   37.31470108 2383.04621101  
0.05015650 1370.18005371   37.01599884 2330.51422263  
0.05043750 1355.48999023   36.81700134 2279.42497461  
0.05072000 1338.31005859   36.58290100 2228.06277197  
0.05100410 1320.41003418   36.33739853 2176.46501774  
0.05128990 1308.76000977   36.17679977 2128.38648550  
0.05157720 1294.50000000   35.97919846 2080.05602650  
0.05186610 1281.83996582   35.80279922 2031.45609358  
0.05215670 1264.78002930   35.56370163 1984.61599457  
0.05244890 1249.06005859   35.34199905 1939.27704659  
0.05274270 1237.21997070   35.17419815 1893.68896445  
0.05303820 1225.03002930   35.00049973 1848.31329574  
0.05333530 1213.47998047   34.83499908 1805.91107610  
0.05363410 1199.68994141   34.63650131 1763.26694695  
0.05393450 1188.94995117   34.48120117 1720.39420001  
0.05423670 1180.22998047   34.35440063 1680.06371468  
0.05454050 1169.75000000   34.20169830 1640.29816111  
0.05484610 1151.16003418   33.92879868 1600.29708913  
0.05515330 1140.67004395   33.77379990 1561.80889879  
0.05546230 1128.64001465   33.59529877 1524.83382881  
0.05577300 1114.14001465   33.37870026 1487.65548888  
0.05608540 1103.89001465   33.22480011 1451.17094400  
0.05639960 1094.92004395   33.08969879 1416.87454672  
0.05671560 1077.89001465   32.83129883 1382.38133817  
0.05703330 1063.98999023   32.61880112 1348.03246148  
0.05735280 1049.78002930   32.40029907 1316.32152552  
0.05767410 1040.36999512   32.25469971 1284.43200409  
0.05799720 1024.72998047   32.01150131 1252.36352746  
0.05832210 1010.71997070   31.79179955 1223.08092202  
0.05864880 997.34802246    31.58079910 1193.66241611  
0.05897740 981.09301758    31.32239914 1164.07249205  
0.05930780 965.37298584    31.07049942 1136.94861467  
0.05964000 949.24200439    30.80979919 1109.87077065  
0.05997410 935.98602295    30.59390068 1082.63836961  
0.06031010 921.82702637    30.36160088 1057.69427082  
0.06064790 902.27099609    30.03779984 1032.82148969  
0.06098770 888.42498779    29.80649948 1007.80168491  
0.06132940 871.28302002    29.51749992 985.02860114   
0.06167290 856.38299561    29.26399994 962.22496247   
0.06201840 840.85400391    28.99749947 939.40953126   
0.06236590 822.49597168    28.67919922 918.62161919   
0.06271520 802.94201660    28.33620071 897.72607048   
0.06306660 787.27301025    28.05839920 877.10328648   
0.06341990 769.58599854    27.74139977 858.08118244   
0.06377510 751.74200439    27.41790009 838.95678529   
0.06413240 736.95001221    27.14679909 820.42779439   
0.06449170 722.46801758    26.87879944 803.00556578   
0.06485300 703.60797119    26.52560043 785.48615363   
0.06521630 687.35601807    26.21750069 768.91081852   
0.06558160 670.46997070    25.89340019 752.95627853   
0.06594900 652.62799072    25.54660034 736.90964744   
0.06631850 635.80200195    25.21509933 722.12750315   
0.06669000 620.93499756    24.91860008 707.48349034   
0.06706360 602.24902344    24.54080009 692.99521182   
0.06743930 587.02697754    24.22859955 679.59484341   
0.06781710 570.85498047    23.89259911 666.11980115   
0.06819700 557.43499756    23.61009979 653.21062356   
0.06857900 538.20697021    23.19930077 640.82807021   
0.06896320 525.40502930    22.92169952 628.37451376   
0.06934960 510.89199829    22.60289955 616.84608353   
0.06973810 496.14999390    22.27440071 605.36067486   
0.07012870 479.89599609    21.90649986 594.12439527   
0.07052160 466.11099243    21.58959961 583.45966931   
0.07091670 452.41000366    21.26989937 572.73528366   
0.07131390 441.62799072    21.01490021 562.59205351   
0.07171340 425.83801270    20.63579941 552.56062395   
0.07211520 413.38000488    20.33169937 542.67048217   
0.07251920 402.83599854    20.07080078 533.22365350   
0.07292540 391.41500854    19.78420067 523.72525612   
0.07333400 379.20800781    19.47330093 514.63190548   
0.07374480 368.61898804    19.19939995 505.59298969   
0.07415790 357.32299805    18.90299988 496.68798545   
0.07457330 348.22500610    18.66080093 488.03305380   
0.07499110 338.07000732    18.38669968 479.32813671   
0.07541120 328.09600830    18.11339951 470.95036661   
0.07583370 318.00698853    17.83270073 462.53292233   
0.07625850 311.17599487    17.64019966 454.25281968   
0.07668570 302.66598511    17.39730072 446.04462926   
0.07711530 296.56900024    17.22120094 437.85412627   
0.07754730 287.14099121    16.94519997 429.79313135   
0.07798170 279.24499512    16.71059990 421.68723110   
0.07841860 271.87200928    16.48850060 413.70535222   
0.07885790 265.01199341    16.27919960 405.68700023   
0.07929970 259.03100586    16.09440041 397.71830340   
0.07974390 252.04100037    15.87580013 389.75192435   
0.08019060 246.39999390    15.69709969 381.77998405   
0.08063990 240.78500366    15.51720047 373.81480205   
0.08109160 236.71099854    15.38539982 365.82401429   
0.08154590 230.98500061    15.19820023 357.85415198   
0.08200270 225.83000183    15.02760029 349.84074255   
0.08246210 222.21699524    14.90690041 341.84448246   
0.08292400 217.18800354    14.73729992 333.80477853   
0.08338860 214.29200745    14.63869953 325.75592038   
0.08385570 209.28399658    14.46669960 317.67099458   
0.08432550 204.78500366    14.31029987 309.58199234   
0.08479790 201.55400085    14.19699955 301.46715428   
0.08527290 197.74000549    14.06200027 293.34684166   
0.08575060 193.89900208    13.92479992 285.20970752   
0.08623100 190.33500671    13.79619980 277.06316000   
0.08671410 186.88600159    13.67059994 268.91053616   
0.08719990 182.81799316    13.52099991 260.75095488   
0.08768840 179.81199646    13.40939999 252.60158569   
0.08817960 178.50700378    13.36069965 244.45451907   
0.08867360 173.89799500    13.18700027 236.34363755   
0.08917030 170.82299805    13.06989956 228.23781963   
0.08966990 167.60899353    12.94639969 220.18007551   
0.09017220 165.39500427    12.86060047 212.14089269   
0.09067740 160.91000366    12.68500042 204.17521555   
0.09118530 158.25399780    12.57989979 196.24651455   
0.09169620 155.01199341    12.45040035 188.41017229   
0.09220990 151.92599487    12.32579994 180.62784255   
0.09272640 148.69999695    12.19429970 172.94393224   
0.09324590 146.98599243    12.12380028 165.34883126   
0.09376820 145.02699280    12.04269981 157.86196762   
0.09429350 141.46899414    11.89410019 150.50372333   
0.09482180 136.87800598    11.69950008 143.23958492   
0.09535300 134.76600647    11.60890007 136.16029301   
0.09588710 132.66099548    11.51790047 129.15627789   
0.09642430 130.19099426    11.41009998 122.40512799   
0.09696450 126.47699738    11.24619961 115.69466304   
0.09750770 123.34300232    11.10599995 109.31131993   
0.09805390 121.29199982    11.01319981 102.95959388   
0.09860320 118.83000183    10.90089989 96.95112545    
0.09915560 116.65000153    10.80049992 91.02918890    
0.09971110 112.65399933    10.61390018 85.38310369    
0.10027000 109.94599915    10.48550034 79.91744061    
0.10083100 107.58499908    10.37230015 74.66225412    
0.10139600 105.52500153    10.27260017 69.69973594    
0.10196400 102.99400330    10.14859962 64.85255744    
0.10253500 101.13700104    10.05669975 60.40389968    
0.10311000 97.36840057     9.86754036 56.04323968    
0.10368800 95.59169769     9.77709961 52.04379730    
0.10426800 92.86869812     9.63683987 48.24205672    
0.10485200 90.80480194     9.52915955 44.66204225    
0.10544000 88.77649689     9.42212963 41.39783766    
0.10603100 87.35820007     9.34655952 38.25560232    
0.10662500 84.22789764     9.17757988 35.52543677    
0.10722200 82.52349854     9.08423996 32.94096526    
0.10782300 80.76589966     8.98698044 30.61040880    
0.10842700 77.62359619     8.81042957 28.56055659    
0.10903400 76.56520081     8.75014973 26.64396249    
0.10964500 74.34089661     8.62211990 25.08176428    
0.11025900 72.45999908     8.51233959 23.66774091    
0.11087700 71.25530243     8.44128990 22.45948328    
0.11149800 69.31089783     8.32532024 21.51275531    
0.11212200 68.52390289     8.27791977 20.68812869    
0.11275100 66.58419800     8.15991020 20.10707978    
0.11338200 65.17109680     8.07285976 19.69487769    
0.11401700 63.98960114     7.99935007 19.39856405    
0.11465600 61.89239883     7.86716986 19.33941800    
0.11529800 61.27809906     7.82804012 19.38012179    
0.11594400 59.89390182     7.73910999 19.53738383    
0.11659400 57.88629913     7.60831022 19.85357779    
0.11724700 57.69869995     7.59596014 20.24379052    
0.11790400 56.14509964     7.49300003 20.73165502    
0.11856400 54.27289963     7.36701012 21.31845526    
0.11922900 53.76559830     7.33249998 21.95428591    
0.11989600 51.99589920     7.21082020 22.64552536    
0.12056800 51.32500076     7.16415024 23.38864787    
0.12124400 50.20959854     7.08586979 24.15472683    
0.12192300 49.39739990     7.02832985 24.94186517    
0.12260600 47.44919968     6.88834000 25.73046232    
0.12329300 46.72079849     6.83525991 26.51114579    
0.12398300 46.83480072     6.84358978 27.27888223    
0.12467800 44.98830032     6.70733023 28.01118052    
0.12537600 44.09379959     6.64031982 28.71053656    
0.12607899 42.80179977     6.54231024 29.37606730    
0.12678500 42.68519974     6.53339005 29.97641586    
0.12749501 41.23239899     6.42124987 30.51077378    
0.12820899 40.89450073     6.39487982 30.98911728    
0.12892801 40.26810074     6.34571981 31.40099842    
0.12965000 39.02059937     6.24665022 31.71808383    
0.13037600 38.23490143     6.18344021 31.96246653    
0.13110700 37.58459854     6.13063002 32.13281775    
0.13184100 36.47249985     6.03924990 32.21019262    
0.13258000 36.00070190     6.00006008 32.19252696    
0.13332200 35.01570129     5.91740990 32.10231397    
0.13406900 33.88190079     5.82081985 31.94099185    
0.13482000 33.64979935     5.80084991 31.68124744    
0.13557599 32.60049820     5.70969009 31.34281491    
0.13633500 32.04809952     5.66110992 30.94160259    
0.13709900 31.33110046     5.59742022 30.47902120    
0.13786700 30.68320084     5.53923988 29.93819103    
0.13863900 30.16049957     5.49185991 29.34943085    
0.13941599 29.78709984     5.45774984 28.71350550    
0.14019699 29.03619957     5.38851976 28.03394391    
0.14098200 28.17009926     5.30754995 27.31877389    
0.14177200 27.52319908     5.24625015 26.57501770    
0.14256600 27.11260033     5.20697021 25.81741913    
0.14336500 26.32299995     5.13058996 25.05239433    
0.14416800 25.58169937     5.05783987 24.28566294    
0.14497600 25.61689949     5.06130981 23.51677192    
0.14578800 24.74959946     4.97489977 22.77741115    
0.14660500 24.56599998     4.95640993 22.05586127    
0.14742599 24.17840004     4.91715002 21.36502995    
0.14825200 23.62689972     4.86075020 20.70750302    
0.14908201 23.38409996     4.83571005 20.08316856    
0.14991800 22.71990013     4.76654005 19.52400005    
0.15075700 22.61249924     4.75525999 19.01865396    
0.15160200 22.02499962     4.69307995 18.56716257    
0.15245099 21.50300026     4.63713980 18.17191644    
0.15330499 21.45700073     4.63217020 17.83655008    
0.15416400 21.24640083     4.60937977 17.56487848    
0.15502800 20.08639908     4.48179007 17.35097873    
0.15589599 20.21780014     4.49641991 17.20826657    
0.15676901 19.68320084     4.43658018 17.13252345    
0.15764800 19.22820091     4.38499022 17.11162535    
0.15853100 18.61079979     4.31402016 17.14240187    
0.15941900 18.68400002     4.32250023 17.22245193    
0.16031200 18.58729935     4.31129980 17.34681277    
0.16121000 18.35779953     4.28459978 17.51113272    
0.16211300 17.81010056     4.22021008 17.71464425    
0.16302100 17.51309967     4.18486023 17.93242899    
0.16393501 17.50200081     4.18353987 18.18584867    
0.16485301 17.25790024     4.15426016 18.44280293    
0.16577700 16.84709930     4.10451984 18.70491914    
0.16670500 16.69930077     4.08648014 18.95560684    
0.16763900 16.56220055     4.06967020 19.19776831    
0.16857800 16.05830002     4.00727987 19.41891013    
0.16952300 15.91609955     3.98950005 19.61148970    
0.17047200 15.54769993     3.94305992 19.76934917    
0.17142700 15.70740032     3.96325994 19.88572551    
0.17238800 15.42310047     3.92722011 19.95357948    
0.17335300 14.99079990     3.87179995 19.96724770    
0.17432401 14.85779953     3.85457993 19.92612537    
0.17530100 14.78929996     3.84569001 19.82348361    
0.17628300 14.70699978     3.83497000 19.65497176    
0.17727099 14.54469967     3.81375003 19.42416758    
0.17826401 14.08409977     3.75288010 19.12763538    
0.17926200 13.77000046     3.71079993 18.76626716    
0.18026701 13.85760021     3.72257996 18.34323777    
0.18127599 13.96850014     3.73744988 17.86221031    
0.18229200 13.91329956     3.73005009 17.32110528    
0.18331300 13.67570019     3.69806004 16.73119312    
0.18434000 13.12310028     3.62259007 16.09285100    
0.18537299 13.33349991     3.65151000 15.41368152    
0.18641099 13.11750031     3.62180996 14.70387000    
0.18745600 13.02540016     3.60907006 13.96807941    
0.18850601 12.95979977     3.59997010 13.21260901    
0.18956199 12.68640041     3.56180000 12.44958291    
0.19062400 12.55819988     3.54375005 11.68487580    
0.19169199 12.36690044     3.51665998 10.92483025    
0.19276500 12.29930019     3.50704002 10.18333647    
0.19384500 12.09770012     3.47816992 9.45941658     
0.19493100 12.09140015     3.47726989 8.76755130     
0.19602300 12.08069992     3.47572994 8.11105441     
0.19712099 11.72869968     3.42471004 7.49414793     
0.19822600 11.96689987     3.45933008 6.92831991     
0.19933601 11.80720043     3.43617010 6.40630942     
0.20045300 11.74009991     3.42637992 5.94250175     
0.20157599 11.51860046     3.39390993 5.53115362     
0.20270500 11.24320030     3.35308003 5.17414378     
0.20384100 11.23989964     3.35259008 4.86875479     
0.20498200 11.24960041     3.35403991 4.62277605     
0.20613100 11.26220036     3.35593009 4.42353688     
0.20728600 11.29549980     3.36086988 4.27224418     
0.20844699 11.27219963     3.35739994 4.16467710     
0.20961501 11.06579971     3.32652998 4.09290813     
0.21078900 10.92210007     3.30486989 4.05297907     
0.21197000 10.87559986     3.29782009 4.03987373     
0.21315700 10.88780022     3.29966998 4.03776623     
0.21435100 10.58990002     3.25422001 4.05768078     
0.21555200 10.79319954     3.28529000 4.08125561     
0.21675999 10.62020016     3.25886011 4.10507738     
0.21797401 10.55340004     3.24860001 4.12293848     
0.21919499 10.35410023     3.21778989 4.12520358     
0.22042300 10.42609978     3.22895002 4.10861361     
0.22165801 10.35270023     3.21756005 4.07399952     
0.22289900 10.39570045     3.22424006 4.01575987     
0.22414801 10.13529968     3.18359995 3.92943961     
0.22540399 10.18570042     3.19149995 3.81465544     
0.22666700 9.96942043      3.15743995 3.67585870     
0.22793600 9.93299961      3.15166998 3.51411739     
0.22921300 10.12609959     3.18215990 3.32216032     
0.23049700 9.82944012      3.13519001 3.11332510     
0.23178899 9.89095020      3.14498997 2.88653913     
0.23308700 9.87559032      3.14253998 2.65415660     
0.23439300 9.90264988      3.14685011 2.40639210     
0.23570600 9.72846031      3.11905003 2.16124702     
0.23702601 9.72898960      3.11912990 1.92227928     
0.23835400 9.75022984      3.12254000 1.69693897     
0.23968901 9.59939957      3.09828997 1.48508026     
0.24103200 9.66506004      3.10887003 1.29743180     
0.24238200 9.56575012      3.09284997 1.13873958     
0.24374001 9.41903973      3.06904006 1.01151947     
0.24510600 9.46512985      3.07655001 0.91923457     
0.24647900 9.41291046      3.06804991 0.86478472     
0.24786000 9.25277042      3.04184008 0.85066101     
0.24924800 9.30900955      3.05106997 0.87355777     
0.25064400 9.17319012      3.02872992 0.93216668     
0.25204900 9.08047962      3.01338005 1.03203437     
0.25346100 9.19235992      3.03188992 1.16169807     
0.25488001 8.96438026      2.99406004 1.31770449     
0.25630799 9.08409977      3.01397991 1.49729503     
0.25774401 8.97797966      2.99633002 1.69625415     
0.25918800 9.08545017      3.01420999 1.90486854     
0.26064000 9.08403015      3.01396990 2.11242420     
0.26210001 8.92304039      2.98714995 2.32200671     
0.26356801 8.82022953      2.96989012 2.51945899     
0.26504499 8.73929977      2.95622993 2.70337003     
0.26653001 8.66028023      2.94284010 2.86090975     
0.26802301 8.69176960      2.94817996 3.00001440     
0.26952401 8.89500046      2.98245001 3.10106379     
0.27103400 8.69032955      2.94794011 3.17672626     
0.27255300 8.66860962      2.94425011 3.21360915     
0.27407899 8.52289009      2.91939998 3.21776338     
0.27561501 8.53979969      2.92229009 3.18571569     
0.27715901 8.48209953      2.91240001 3.12479153     
0.27871200 8.58753967      2.93044996 3.03455088     
0.28027299 8.53114033      2.92080998 2.92177402     
0.28184301 8.40215969      2.89864993 2.78894321     
0.28342199 8.43570042      2.90442991 2.64404600     
0.28501001 8.38901043      2.89637995 2.48690340     
0.28660601 8.39177036      2.89685011 2.33482423     
0.28821200 8.32266998      2.88490009 2.18229008     
0.28982601 8.20038033      2.86363006 2.04003096     
0.29144999 8.40688038      2.89946008 1.90923264     
0.29308301 8.43614960      2.90451002 1.79666169     
0.29472500 8.21407032      2.86601996 1.70467607     
0.29637599 8.31245995      2.88313007 1.63404656     
0.29803601 8.29759026      2.88054991 1.58291867     
0.29970601 8.33913040      2.88774991 1.55425395     
0.30138499 8.31820011      2.88413000 1.54117890     
0.30307299 8.22721004      2.86830997 1.54975813     
0.30477101 8.25004005      2.87228990 1.56577647     
0.30647799 8.22443008      2.86783004 1.58967212     
0.30819499 8.29298973      2.87976003 1.61812068     
0.30992201 8.31418037      2.88343000 1.64065351     
0.31165799 8.24131012      2.87076998 1.65937570     
0.31340399 8.28656006      2.87863994 1.66644636     
0.31515899 8.26708984      2.87525010 1.65818736     
0.31692499 8.14867020      2.85458994 1.62980333     
0.31869999 8.19935989      2.86345005 1.58404715     
0.32048601 8.22332001      2.86763000 1.51594913     
0.32228100 8.24071980      2.87066007 1.43176538     
0.32408699 8.31803036      2.88409996 1.32645116     
0.32590199 8.23254013      2.86924005 1.20631138     
0.32772800 8.30554008      2.88193011 1.07432284     
0.32956401 8.25759983      2.87360001 0.93598895     
0.33140999 8.20365047      2.86420012 0.79616131     
0.33326700 8.32779026      2.88579011 0.65691821     
0.33513400 8.53110981      2.92080998 0.52935751     
0.33701101 8.48939037      2.91366005 0.41058857     
0.33889899 8.48915005      2.91362000 0.31229497     
0.34079701 8.60031986      2.93263006 0.23323790     
0.34270701 8.61826992      2.93568993 0.17544953     
0.34462601 8.65437984      2.94182992 0.14189808     
0.34655699 8.66014957      2.94281006 0.13263792     
0.34849900 8.85614014      2.97592998 0.14311966     
0.35045099 8.80704975      2.96766996 0.17389761     
0.35241401 8.82590961      2.97083998 0.21960124     
0.35438800 8.77398014      2.96209002 0.27613770     
0.35637400 8.70001030      2.94957995 0.33971720     
0.35837001 8.79668045      2.96591997 0.40601507     
0.36037800 8.98855972      2.99809003 0.46948400     
0.36239699 8.77560043      2.96235991 0.52712534     
0.36442700 8.83934021      2.97309995 0.57391190     
0.36646801 8.84125042      2.97341990 0.60937945     
0.36852100 8.81336975      2.96872997 0.63097587     
0.37058601 8.86242008      2.97697997 0.63884904     
0.37266201 8.89599037      2.98260999 0.63113799     
0.37474900 8.80502033      2.96731997 0.61608026     
0.37684900 8.76587963      2.96072006 0.59285892     
0.37896001 8.90538025      2.98418999 0.56266130     
0.38108301 8.90678024      2.98442006 0.52961219     
0.38321799 8.84309959      2.97374010 0.50134669     
0.38536400 8.81451988      2.96893001 0.47839542     
0.38752300 8.73793030      2.95600009 0.46191186     
0.38969401 8.67029953      2.94454002 0.45666246     
0.39187700 8.78804016      2.96445990 0.46412620     
0.39407301 8.86061954      2.97668004 0.48084863     
0.39627999 8.85356998      2.97549009 0.50751494     
0.39850000 8.71461964      2.95204997 0.54125433     
0.40073299 8.76714993      2.96093988 0.58118129     
0.40297800 8.66835022      2.94421005 0.61979668     
0.40523499 8.74273014      2.95681000 0.65713615     
0.40750501 8.70705986      2.95076990 0.68949374     
0.40978801 8.74575996      2.95731997 0.70925064     
0.41208401 8.83028984      2.97158003 0.72106562     
0.41439199 8.80440044      2.96722007 0.71488839     
0.41671401 8.81853008      2.96959996 0.69754860     
0.41904801 8.72052002      2.95304990 0.66416084     
0.42139599 8.72943020      2.95456004 0.61942755     
0.42375600 8.79131031      2.96500993 0.56530126     
0.42613000 8.64659023      2.94051003 0.50406629     
0.42851701 8.69355965      2.94847989 0.44034146     
0.43091801 8.59193039      2.93120003 0.37873374     
0.43333200 8.66501045      2.94363999 0.32009154     
0.43575999 8.80578995      2.96745992 0.27035611     
0.43820101 8.67893982      2.94600010 0.23051713     
0.44065601 8.85229015      2.97528005 0.20064934     
0.44312400 8.73285007      2.95514011 0.18337787     
0.44560701 8.79827023      2.96619010 0.17485646     
0.44810301 8.74367046      2.95696998 0.17646721     
0.45061299 8.88171959      2.98022008 0.18353889     
0.45313701 8.74804020      2.95771003 0.19434555     
0.45567599 8.83051014      2.97162008 0.20470130     
0.45822901 8.92811012      2.98798990 0.21287969     
0.46079600 8.72597027      2.95396996 0.21605674     
0.46337700 8.80247021      2.96690011 0.21513714     
0.46597299 8.82820988      2.97123003 0.20676905     
0.46858299 8.85805988      2.97624993 0.19474240     
0.47120801 8.83504009      2.97237992 0.17621789     
0.47384799 8.92376995      2.98727012 0.15567512     
0.47650301 8.87257004      2.97868991 0.13566766     
0.47917199 8.91808987      2.98632002 0.11911805     
0.48185599 9.05167007      3.00860000 0.10753918     
0.48455599 8.93787956      2.98962998 0.10245909     
0.48727000 9.03722000      3.00620008 0.10528837     
