# SAXS profile: number of points = 500, q_min = 0.0299999993294477, q_max = 0.487269997596741, delta_q = 0.000916372742018623
# offset = 0.00000000000000, scaling c = 1.82897256136586e-09, Chi^2 = 287.344259679584
#  q       exp_intensity   error model_intensity
0.03000000 22495.80078125  149.98599243 10614.98234435 
0.03016810 21895.59960938  147.97200012 10521.47530136 
0.03033710 21341.69921875  146.08799744 10427.46679343 
0.03050700 20779.19921875  144.14999390 10332.95887954 
0.03067790 20192.69921875  142.10099792 10237.89457354 
0.03084980 19686.50000000  140.30900574 10142.27387544 
0.03102260 19156.19921875  138.40600586 10046.32841567 
0.03119640 18646.40039062  136.55200195 9951.00991651  
0.03137120 18102.30078125  134.54499817 9855.14386822  
0.03154690 17620.59960938  132.74299622 9758.78339121  
0.03172360 17114.00000000  130.82000732 9661.87332197  
0.03190130 16625.80078125  128.94099426 9564.41570359  
0.03208010 16134.50000000  127.02200317 9467.09875346  
0.03225980 15671.59960938  125.18599701 9370.21178633  
0.03244050 15225.40039062  123.39099884 9272.78653596  
0.03262220 14778.90039062  121.56800079 9174.82099382  
0.03280500 14333.20019531  119.72100067 9076.26293841  
0.03298870 13921.29980469  117.98899841 8977.21882126  
0.03317350 13483.00000000  116.11599731 8879.41374082  
0.03335940 13060.79980469  114.28399658 8781.14704242  
0.03354630 12642.90039062  112.44100189 8682.35260014  
0.03373420 12244.40039062  110.65399933 8583.02844478  
0.03392320 11859.20019531  108.90000153 8483.12140812  
0.03411320 11493.50000000  107.20800018 8384.02747158  
0.03430430 11113.40039062  105.41999817 8285.27207837  
0.03449650 10734.00000000  103.60500336 8185.94684625  
0.03468970 10376.09960938  101.86299896 8086.10760403  
0.03488410 10051.09960938  100.25499725 7985.64654435  
0.03507950 9726.37011719   98.62239838 7885.69918532  
0.03527600 9388.01953125   96.89179993 7786.70395961  
0.03547360 9075.62988281   95.26609802 7687.15320302  
0.03567240 8772.84960938   93.66349792 7586.99811894  
0.03587220 8470.62011719   92.03600311 7486.34005420  
0.03607320 8166.95996094   90.37129974 7386.10462803  
0.03627520 7880.00000000   88.76940155 7287.17658746  
0.03647850 7607.54003906   87.22119904 7187.61181987  
0.03668280 7344.06005859   85.69750214 7087.55810431  
0.03688830 7067.85986328   84.07060242 6986.91509698  
0.03709500 6813.37011719   82.54309845 6887.11114222  
0.03730280 6580.27001953   81.11889648 6788.45888710  
0.03751170 6348.52001953   79.67759705 6689.28490566  
0.03772190 6110.99023438   78.17279816 6589.49369547  
0.03793320 5883.60986328   76.70469666 6489.17899041  
0.03814570 5667.91015625   75.28549957 6390.60090146  
0.03835940 5460.43994141   73.89479828 6292.52711795  
0.03857430 5265.12011719   72.56109619 6193.90282876  
0.03879040 5066.37011719   71.17839813 6094.72803389  
0.03900770 4875.89990234   69.82759857 5995.13038021  
0.03922620 4708.81005859   68.62079620 5898.47716273  
0.03944600 4535.45019531   67.34580231 5801.24883447  
0.03966690 4368.81005859   66.09700012 5703.53438104  
0.03988920 4204.93994141   64.84549713 5605.19867614  
0.04011260 4045.07006836   63.60089874 5508.32019715  
0.04033730 3904.14990234   62.48320007 5412.79815075  
0.04056330 3764.09008789   61.35219955 5316.72499735  
0.04079050 3626.63989258   60.22159958 5220.14191161  
0.04101910 3491.46997070   59.08860016 5123.30024490  
0.04124880 3370.17993164   58.05319977 5029.72504103  
0.04147990 3238.93994141   56.91170120 4935.57769275  
0.04171230 3125.09008789   55.90250015 4840.90221118  
0.04194600 3018.20996094   54.93820190 4745.69556106  
0.04218100 2911.23999023   53.95589828 4653.25224237  
0.04241730 2807.94995117   52.99010086 4561.28492153  
0.04265490 2714.57006836   52.10150146 4468.81014279  
0.04289380 2624.02001953   51.22520065 4375.83080590  
0.04313410 2540.11010742   50.39950180 4284.78881409  
0.04337580 2457.09008789   49.56900024 4195.19364531  
0.04361880 2377.52001953   48.75979996 4105.11791798  
0.04386310 2303.11010742   47.99069977 4014.55887029  
0.04410880 2234.16992188   47.26699829 3925.51838075  
0.04435590 2172.73999023   46.61259842 3838.55038979  
0.04460440 2108.82006836   45.92190170 3751.08940977  
0.04485430 2050.36010742   45.28089905 3663.13544069  
0.04510560 1997.70996094   44.69580078 3576.68405030  
0.04535830 1941.95996094   44.06769943 3492.51965488  
0.04561240 1889.18005371   43.46469879 3407.88998175  
0.04586790 1842.31994629   42.92219925 3322.79254942  
0.04612480 1795.56005859   42.37400055 3239.59077762  
0.04638320 1752.79003906   41.86629868 3158.41763675  
0.04664310 1714.82995605   41.41049957 3076.77170853  
0.04690440 1678.93005371   40.97470093 2994.68693067  
0.04716710 1644.32995605   40.55039978 2915.30927100  
0.04743140 1609.43005371   40.11769867 2837.26025028  
0.04769710 1579.35998535   39.74119949 2758.79649067  
0.04796430 1551.55004883   39.38970184 2679.89048957  
0.04823300 1520.31005859   38.99119949 2604.91083078  
0.04850320 1495.72998047   38.67459869 2530.18433330  
0.04877490 1475.63000488   38.41400146 2455.04367308  
0.04904810 1452.09997559   38.10639954 2380.37706013  
0.04932290 1428.96997070   37.80179977 2309.45393420  
0.04959920 1413.69995117   37.59909821 2238.14333953  
0.04987710 1392.39001465   37.31470108 2166.42027812  
0.05015650 1370.18005371   37.01599884 2097.15920658  
0.05043750 1355.48999023   36.81700134 2029.75253681  
0.05072000 1338.31005859   36.58290100 1961.98573329  
0.05100410 1320.41003418   36.33739853 1893.90772184  
0.05128990 1308.76000977   36.17679977 1830.44383431  
0.05157720 1294.50000000   35.97919846 1766.64740227  
0.05186610 1281.83996582   35.80279922 1702.49526341  
0.05215670 1264.78002930   35.56370163 1640.69362975  
0.05244890 1249.06005859   35.34199905 1580.89731570  
0.05274270 1237.21997070   35.17419815 1520.77242534  
0.05303820 1225.03002930   35.00049973 1460.94557602  
0.05333530 1213.47998047   34.83499908 1405.16162560  
0.05363410 1199.68994141   34.63650131 1349.05942135  
0.05393450 1188.94995117   34.48120117 1292.65644975  
0.05423670 1180.22998047   34.35440063 1239.78060465  
0.05454050 1169.75000000   34.20169830 1187.69973282  
0.05484610 1151.16003418   33.92879868 1135.31040296  
0.05515330 1140.67004395   33.77379990 1085.06619031  
0.05546230 1128.64001465   33.59529877 1036.96997959  
0.05577300 1114.14001465   33.37870026 988.60936061   
0.05608540 1103.89001465   33.22480011 941.26950241   
0.05639960 1094.92004395   33.08969879 897.09285774   
0.05671560 1077.89001465   32.83129883 852.66270361   
0.05703330 1063.98999023   32.61880112 808.47463829   
0.05735280 1049.78002930   32.40029907 768.16731961   
0.05767410 1040.36999512   32.25469971 727.63300350   
0.05799720 1024.72998047   32.01150131 686.87121998   
0.05832210 1010.71997070   31.79179955 650.29492350   
0.05864880 997.34802246    31.58079910 613.55508424   
0.05897740 981.09301758    31.32239914 576.60116630   
0.05930780 965.37298584    31.07049942 543.43755749   
0.05964000 949.24200439    30.80979919 510.38778102   
0.05997410 935.98602295    30.59390068 477.14936046   
0.06031010 921.82702637    30.36160088 447.50894545   
0.06064790 902.27099609    30.03779984 418.02750169   
0.06098770 888.42498779    29.80649948 388.37179236   
0.06132940 871.28302002    29.51749992 362.33101492   
0.06167290 856.38299561    29.26399994 336.29478638   
0.06201840 840.85400391    28.99749947 310.30315634   
0.06236590 822.49597168    28.67919922 287.66525531   
0.06271520 802.94201660    28.33620071 264.91013867   
0.06306660 787.27301025    28.05839920 242.67850150   
0.06341990 769.58599854    27.74139977 223.16479557   
0.06377510 751.74200439    27.41790009 203.54615291   
0.06413240 736.95001221    27.14679909 185.01644225   
0.06449170 722.46801758    26.87879944 168.44152399   
0.06485300 703.60797119    26.52560043 151.77414859   
0.06521630 687.35601807    26.21750069 136.82571387   
0.06558160 670.46997070    25.89340019 123.03326255   
0.06594900 652.62799072    25.54660034 109.16119991   
0.06631850 635.80200195    25.21509933 97.63180478    
0.06669000 620.93499756    24.91860008 86.42978276    
0.06706360 602.24902344    24.54080009 75.60106598    
0.06743930 587.02697754    24.22859955 66.85194134    
0.06781710 570.85498047    23.89259911 58.05406201    
0.06819700 557.43499756    23.61009979 50.41532712    
0.06857900 538.20697021    23.19930077 43.86208636    
0.06896320 525.40502930    22.92169952 37.27126850    
0.06934960 510.89199829    22.60289955 32.55922971    
0.06973810 496.14999390    22.27440071 28.02452145    
0.07012870 479.89599609    21.90649986 24.08154425    
0.07052160 466.11099243    21.58959961 21.37705136    
0.07091670 452.41000366    21.26989937 18.65742923    
0.07131390 441.62799072    21.01490021 17.22277591    
0.07171340 425.83801270    20.63579941 16.12669726    
0.07211520 413.38000488    20.33169937 15.43537709    
0.07251920 402.83599854    20.07080078 15.76856861    
0.07292540 391.41500854    19.78420067 16.10357897    
0.07333400 379.20800781    19.47330093 17.42345898    
0.07374480 368.61898804    19.19939995 18.97118208    
0.07415790 357.32299805    18.90299988 20.91721787    
0.07457330 348.22500610    18.66080093 23.50740298    
0.07499110 338.07000732    18.38669968 26.11254737    
0.07541120 328.09600830    18.11339951 29.53115670    
0.07583370 318.00698853    17.83270073 32.98669150    
0.07625850 311.17599487    17.64019966 36.84224274    
0.07668570 302.66598511    17.39730072 40.96611436    
0.07711530 296.56900024    17.22120094 45.23597978    
0.07754730 287.14099121    16.94519997 49.86622709    
0.07798170 279.24499512    16.71059990 54.52226809    
0.07841860 271.87200928    16.48850060 59.48577224    
0.07885790 265.01199341    16.27919960 64.48896042    
0.07929970 259.03100586    16.09440041 69.62265763    
0.07974390 252.04100037    15.87580013 74.83277026    
0.08019060 246.39999390    15.69709969 80.07328184    
0.08063990 240.78500366    15.51720047 85.34569861    
0.08109160 236.71099854    15.38539982 90.62496347    
0.08154590 230.98500061    15.19820023 95.85037693    
0.08200270 225.83000183    15.02760029 101.10329214   
0.08246210 222.21699524    14.90690041 106.16709652   
0.08292400 217.18800354    14.73729992 111.25841265   
0.08338860 214.29200745    14.63869953 116.10690467   
0.08385570 209.28399658    14.46669960 120.92800424   
0.08432550 204.78500366    14.31029987 125.50375518   
0.08479790 201.55400085    14.19699955 129.98308592   
0.08527290 197.74000549    14.06200027 134.22233018   
0.08575060 193.89900208    13.92479992 138.28841074   
0.08623100 190.33500671    13.79619980 142.12502877   
0.08671410 186.88600159    13.67059994 145.70912481   
0.08719990 182.81799316    13.52099991 149.07926580   
0.08768840 179.81199646    13.40939999 152.13158462   
0.08817960 178.50700378    13.36069965 154.98577295   
0.08867360 173.89799500    13.18700027 157.48108097   
0.08917030 170.82299805    13.06989956 159.77717306   
0.08966990 167.60899353    12.94639969 161.67625967   
0.09017220 165.39500427    12.86060047 163.37328092   
0.09067740 160.91000366    12.68500042 164.67067263   
0.09118530 158.25399780    12.57989979 165.75103767   
0.09169620 155.01199341    12.45040035 166.44558366   
0.09220990 151.92599487    12.32579994 166.89182362   
0.09272640 148.69999695    12.19429970 166.97361060   
0.09324590 146.98599243    12.12380028 166.77836369   
0.09376820 145.02699280    12.04269981 166.27162324   
0.09429350 141.46899414    11.89410019 165.44744898   
0.09482180 136.87800598    11.69950008 164.36871244   
0.09535300 134.76600647    11.60890007 162.93061903   
0.09588710 132.66099548    11.51790047 161.30525014   
0.09642430 130.19099426    11.41009998 159.28603864   
0.09696450 126.47699738    11.24619961 157.15264371   
0.09750770 123.34300232    11.10599995 154.58824405   
0.09805390 121.29199982    11.01319981 151.94161725   
0.09860320 118.83000183    10.90089989 148.92565236   
0.09915560 116.65000153    10.80049992 145.79383077   
0.09971110 112.65399933    10.61390018 142.39105872   
0.10027000 109.94599915    10.48550034 138.82537872   
0.10083100 107.58499908    10.37230015 135.09377363   
0.10139600 105.52500153    10.27260017 131.17710422   
0.10196400 102.99400330    10.14859962 127.17169018   
0.10253500 101.13700104    10.05669975 122.96169235   
0.10311000 97.36840057     9.86754036 118.68666102   
0.10368800 95.59169769     9.77709961 114.29087659   
0.10426800 92.86869812     9.63683987 109.84324376   
0.10485200 90.80480194     9.52915955 105.32195233   
0.10544000 88.77649689     9.42212963 100.74882922   
0.10603100 87.35820007     9.34655952 96.14705105    
0.10662500 84.22789764     9.17757988 91.55370931    
0.10722200 82.52349854     9.08423996 86.96390911    
0.10782300 80.76589966     8.98698044 82.38885753    
0.10842700 77.62359619     8.81042957 77.87398302    
0.10903400 76.56520081     8.75014973 73.37986955    
0.10964500 74.34089661     8.62211990 69.00133044    
0.11025900 72.45999908     8.51233959 64.68431641    
0.11087700 71.25530243     8.44128990 60.45361585    
0.11149800 69.31089783     8.32532024 56.37771000    
0.11212200 68.52390289     8.27791977 52.37446411    
0.11275100 66.58419800     8.15991020 48.54181074    
0.11338200 65.17109680     8.07285976 44.86581184    
0.11401700 63.98960114     7.99935007 41.28498095    
0.11465600 61.89239883     7.86716986 37.96601986    
0.11529800 61.27809906     7.82804012 34.77463998    
0.11594400 59.89390182     7.73910999 31.72971763    
0.11659400 57.88629913     7.60831022 28.94811947    
0.11724700 57.69869995     7.59596014 26.30344385    
0.11790400 56.14509964     7.49300003 23.84599899    
0.11856400 54.27289963     7.36701012 21.65010845    
0.11922900 53.76559830     7.33249998 19.59352579    
0.11989600 51.99589920     7.21082020 17.73913760    
0.12056800 51.32500076     7.16415024 16.13536802    
0.12124400 50.20959854     7.08586979 14.68013350    
0.12192300 49.39739990     7.02832985 13.41293209    
0.12260600 47.44919968     6.88834000 12.39098734    
0.12329300 46.72079849     6.83525991 11.50984458    
0.12398300 46.83480072     6.84358978 10.77945726    
0.12467800 44.98830032     6.70733023 10.29561360    
0.12537600 44.09379959     6.64031982 9.94102684     
0.12607899 42.80179977     6.54231024 9.71589172     
0.12678500 42.68519974     6.53339005 9.68153099     
0.12749501 41.23239899     6.42124987 9.77356715     
0.12820899 40.89450073     6.39487982 9.97096642     
0.12892801 40.26810074     6.34571981 10.29033373    
0.12965000 39.02059937     6.24665022 10.73976449    
0.13037600 38.23490143     6.18344021 11.26127307    
0.13110700 37.58459854     6.13063002 11.85240427    
0.13184100 36.47249985     6.03924990 12.52938112    
0.13258000 36.00070190     6.00006008 13.25854153    
0.13332200 35.01570129     5.91740990 14.02488813    
0.13406900 33.88190079     5.82081985 14.82611002    
0.13482000 33.64979935     5.80084991 15.65125617    
0.13557599 32.60049820     5.70969009 16.48035242    
0.13633500 32.04809952     5.66110992 17.30648934    
0.13709900 31.33110046     5.59742022 18.12489448    
0.13786700 30.68320084     5.53923988 18.90840867    
0.13863900 30.16049957     5.49185991 19.66521540    
0.13941599 29.78709984     5.45774984 20.37945281    
0.14019699 29.03619957     5.38851976 21.04151190    
0.14098200 28.17009926     5.30754995 21.64711399    
0.14177200 27.52319908     5.24625015 22.17467154    
0.14256600 27.11260033     5.20697021 22.63498905    
0.14336500 26.32299995     5.13058996 23.02580743    
0.14416800 25.58169937     5.05783987 23.34127664    
0.14497600 25.61689949     5.06130981 23.56848454    
0.14578800 24.74959946     4.97489977 23.70194735    
0.14660500 24.56599998     4.95640993 23.74804079    
0.14742599 24.17840004     4.91715002 23.71291943    
0.14825200 23.62689972     4.86075020 23.59419150    
0.14908201 23.38409996     4.83571005 23.38569102    
0.14991800 22.71990013     4.76654005 23.10134142    
0.15075700 22.61249924     4.75525999 22.72667625    
0.15160200 22.02499962     4.69307995 22.27895478    
0.15245099 21.50300026     4.63713980 21.76115436    
0.15330499 21.45700073     4.63217020 21.17922967    
0.15416400 21.24640083     4.60937977 20.54054789    
0.15502800 20.08639908     4.48179007 19.84336438    
0.15589599 20.21780014     4.49641991 19.09542256    
0.15676901 19.68320084     4.43658018 18.31415454    
0.15764800 19.22820091     4.38499022 17.49909930    
0.15853100 18.61079979     4.31402016 16.65869271    
0.15941900 18.68400002     4.32250023 15.80146430    
0.16031200 18.58729935     4.31129980 14.93434823    
0.16121000 18.35779953     4.28459978 14.06472836    
0.16211300 17.81010056     4.22021008 13.20573709    
0.16302100 17.51309967     4.18486023 12.34708107    
0.16393501 17.50200081     4.18353987 11.52278889    
0.16485301 17.25790024     4.15426016 10.72002078    
0.16577700 16.84709930     4.10451984 9.95041161     
0.16670500 16.69930077     4.08648014 9.21303350     
0.16763900 16.56220055     4.06967020 8.52169092     
0.16857800 16.05830002     4.00727987 7.87548436     
0.16952300 15.91609955     3.98950005 7.27687749     
0.17047200 15.54769993     3.94305992 6.73203957     
0.17142700 15.70740032     3.96325994 6.24126709     
0.17238800 15.42310047     3.92722011 5.80458630     
0.17335300 14.99079990     3.87179995 5.42346641     
0.17432401 14.85779953     3.85457993 5.10102544     
0.17530100 14.78929996     3.84569001 4.83291656     
0.17628300 14.70699978     3.83497000 4.61649193     
0.17727099 14.54469967     3.81375003 4.45386110     
0.17826401 14.08409977     3.75288010 4.34029771     
0.17926200 13.77000046     3.71079993 4.27254855     
0.18026701 13.85760021     3.72257996 4.24953559     
0.18127599 13.96850014     3.73744988 4.26630965     
0.18229200 13.91329956     3.73005009 4.31361222     
0.18331300 13.67570019     3.69806004 4.39317559     
0.18434000 13.12310028     3.62259007 4.49575627     
0.18537299 13.33349991     3.65151000 4.61699755     
0.18641099 13.11750031     3.62180996 4.75485771     
0.18745600 13.02540016     3.60907006 4.90400951     
0.18850601 12.95979977     3.59997010 5.05533819     
0.18956199 12.68640041     3.56180000 5.20993523     
0.19062400 12.55819988     3.54375005 5.36174487     
0.19169199 12.36690044     3.51665998 5.50421831     
0.19276500 12.29930019     3.50704002 5.63954944     
0.19384500 12.09770012     3.47816992 5.75720072     
0.19493100 12.09140015     3.47726989 5.86169865     
0.19602300 12.08069992     3.47572994 5.94679011     
0.19712099 11.72869968     3.42471004 6.00439966     
0.19822600 11.96689987     3.45933008 6.04629445     
0.19933601 11.80720043     3.43617010 6.05804175     
0.20045300 11.74009991     3.42637992 6.05325685     
0.20157599 11.51860046     3.39390993 6.02306399     
0.20270500 11.24320030     3.35308003 5.96976587     
0.20384100 11.23989964     3.35259008 5.89261427     
0.20498200 11.24960041     3.35403991 5.80068617     
0.20613100 11.26220036     3.35593009 5.68067784     
0.20728600 11.29549980     3.36086988 5.54358430     
0.20844699 11.27219963     3.35739994 5.39359238     
0.20961501 11.06579971     3.32652998 5.22932616     
0.21078900 10.92210007     3.30486989 5.05468460     
0.21197000 10.87559986     3.29782009 4.87282205     
0.21315700 10.88780022     3.29966998 4.67343372     
0.21435100 10.58990002     3.25422001 4.48096559     
0.21555200 10.79319954     3.28529000 4.28455705     
0.21675999 10.62020016     3.25886011 4.08858919     
0.21797401 10.55340004     3.24860001 3.89506442     
0.21919499 10.35410023     3.21778989 3.70307116     
0.22042300 10.42609978     3.22895002 3.51482610     
0.22165801 10.35270023     3.21756005 3.33474743     
0.22289900 10.39570045     3.22424006 3.16163782     
0.22414801 10.13529968     3.18359995 2.99678978     
0.22540399 10.18570042     3.19149995 2.84033660     
0.22666700 9.96942043      3.15743995 2.69519525     
0.22793600 9.93299961      3.15166998 2.56052190     
0.22921300 10.12609959     3.18215990 2.43199555     
0.23049700 9.82944012      3.13519001 2.31626101     
0.23178899 9.89095020      3.14498997 2.20736597     
0.23308700 9.87559032      3.14253998 2.11488936     
0.23439300 9.90264988      3.14685011 2.02179365     
0.23570600 9.72846031      3.11905003 1.94022809     
0.23702601 9.72898960      3.11912990 1.86779100     
0.23835400 9.75022984      3.12254000 1.80491948     
0.23968901 9.59939957      3.09828997 1.74616327     
0.24103200 9.66506004      3.10887003 1.69699880     
0.24238200 9.56575012      3.09284997 1.65363786     
0.24374001 9.41903973      3.06904006 1.61888295     
0.24510600 9.46512985      3.07655001 1.59049794     
0.24647900 9.41291046      3.06804991 1.56715822     
0.24786000 9.25277042      3.04184008 1.55407649     
0.24924800 9.30900955      3.05106997 1.54437551     
0.25064400 9.17319012      3.02872992 1.53922385     
0.25204900 9.08047962      3.01338005 1.54723495     
0.25346100 9.19235992      3.03188992 1.55676378     
0.25488001 8.96438026      2.99406004 1.57219783     
0.25630799 9.08409977      3.01397991 1.59268624     
0.25774401 8.97797966      2.99633002 1.62064557     
0.25918800 9.08545017      3.01420999 1.65212455     
0.26064000 9.08403015      3.01396990 1.68136449     
0.26210001 8.92304039      2.98714995 1.71715169     
0.26356801 8.82022953      2.96989012 1.75169257     
0.26504499 8.73929977      2.95622993 1.78692974     
0.26653001 8.66028023      2.94284010 1.81629650     
0.26802301 8.69176960      2.94817996 1.84730355     
0.26952401 8.89500046      2.98245001 1.86689782     
0.27103400 8.69032955      2.94794011 1.88443195     
0.27255300 8.66860962      2.94425011 1.89186009     
0.27407899 8.52289009      2.91939998 1.88836124     
0.27561501 8.53979969      2.92229009 1.87337632     
0.27715901 8.48209953      2.91240001 1.84793211     
0.27871200 8.58753967      2.93044996 1.80927812     
0.28027299 8.53114033      2.92080998 1.75943222     
0.28184301 8.40215969      2.89864993 1.69603976     
0.28342199 8.43570042      2.90442991 1.62236255     
0.28501001 8.38901043      2.89637995 1.53380043     
0.28660601 8.39177036      2.89685011 1.44274983     
0.28821200 8.32266998      2.88490009 1.34007401     
0.28982601 8.20038033      2.86363006 1.23405580     
0.29144999 8.40688038      2.89946008 1.12241670     
0.29308301 8.43614960      2.90451002 1.01317773     
0.29472500 8.21407032      2.86601996 0.90666834     
0.29637599 8.31245995      2.88313007 0.80638354     
0.29803601 8.29759026      2.88054991 0.71289944     
0.29970601 8.33913040      2.88774991 0.63194882     
0.30138499 8.31820011      2.88413000 0.56090254     
0.30307299 8.22721004      2.86830997 0.51150126     
0.30477101 8.25004005      2.87228990 0.47406323     
0.30647799 8.22443008      2.86783004 0.45485228     
0.30819499 8.29298973      2.87976003 0.45447197     
0.30992201 8.31418037      2.88343000 0.46726827     
0.31165799 8.24131012      2.87076998 0.50036933     
0.31340399 8.28656006      2.87863994 0.54694549     
0.31515899 8.26708984      2.87525010 0.60432491     
0.31692499 8.14867020      2.85458994 0.66877361     
0.31869999 8.19935989      2.86345005 0.74184316     
0.32048601 8.22332001      2.86763000 0.81461484     
0.32228100 8.24071980      2.87066007 0.88887778     
0.32408699 8.31803036      2.88409996 0.95484431     
0.32590199 8.23254013      2.86924005 1.01245624     
0.32772800 8.30554008      2.88193011 1.05733165     
0.32956401 8.25759983      2.87360001 1.08811441     
0.33140999 8.20365047      2.86420012 1.10235750     
0.33326700 8.32779026      2.88579011 1.09601151     
0.33513400 8.53110981      2.92080998 1.07476066     
0.33701101 8.48939037      2.91366005 1.03071692     
0.33889899 8.48915005      2.91362000 0.97238693     
0.34079701 8.60031986      2.93263006 0.89772412     
0.34270701 8.61826992      2.93568993 0.80993613     
0.34462601 8.65437984      2.94182992 0.71410939     
0.34655699 8.66014957      2.94281006 0.61452255     
0.34849900 8.85614014      2.97592998 0.51200934     
0.35045099 8.80704975      2.96766996 0.41425430     
0.35241401 8.82590961      2.97083998 0.32335205     
0.35438800 8.77398014      2.96209002 0.24304613     
0.35637400 8.70001030      2.94957995 0.17744202     
0.35837001 8.79668045      2.96591997 0.12919942     
0.36037800 8.98855972      2.99809003 0.09916915     
0.36239699 8.77560043      2.96235991 0.08912084     
0.36442700 8.83934021      2.97309995 0.09679878     
0.36646801 8.84125042      2.97341990 0.12357415     
0.36852100 8.81336975      2.96872997 0.16520913     
0.37058601 8.86242008      2.97697997 0.21898559     
0.37266201 8.89599037      2.98260999 0.27889595     
0.37474900 8.80502033      2.96731997 0.34699921     
0.37684900 8.76587963      2.96072006 0.41515432     
0.37896001 8.90538025      2.98418999 0.47740713     
0.38108301 8.90678024      2.98442006 0.52973231     
0.38321799 8.84309959      2.97374010 0.57306209     
0.38536400 8.81451988      2.96893001 0.60187290     
0.38752300 8.73793030      2.95600009 0.61311963     
0.38969401 8.67029953      2.94454002 0.60877075     
0.39187700 8.78804016      2.96445990 0.58983629     
0.39407301 8.86061954      2.97668004 0.55365629     
0.39627999 8.85356998      2.97549009 0.50501842     
0.39850000 8.71461964      2.95204997 0.44651620     
0.40073299 8.76714993      2.96093988 0.38411300     
0.40297800 8.66835022      2.94421005 0.31740535     
0.40523499 8.74273014      2.95681000 0.25420386     
0.40750501 8.70705986      2.95076990 0.19858264     
0.40978801 8.74575996      2.95731997 0.14912806     
0.41208401 8.83028984      2.97158003 0.11658940     
0.41439199 8.80440044      2.96722007 0.09416734     
0.41671401 8.81853008      2.96959996 0.08968091     
0.41904801 8.72052002      2.95304990 0.09652105     
0.42139599 8.72943020      2.95456004 0.11877042     
0.42375600 8.79131031      2.96500993 0.15145023     
0.42613000 8.64659023      2.94051003 0.19135011     
0.42851701 8.69355965      2.94847989 0.23557445     
0.43091801 8.59193039      2.93120003 0.28142153     
0.43333200 8.66501045      2.94363999 0.32210064     
0.43575999 8.80578995      2.96745992 0.35740400     
0.43820101 8.67893982      2.94600010 0.38329540     
0.44065601 8.85229015      2.97528005 0.39611572     
0.44312400 8.73285007      2.95514011 0.39803770     
0.44560701 8.79827023      2.96619010 0.38529964     
0.44810301 8.74367046      2.95696998 0.36293445     
0.45061299 8.88171959      2.98022008 0.32973831     
0.45313701 8.74804020      2.95771003 0.28999583     
0.45567599 8.83051014      2.97162008 0.24529157     
0.45822901 8.92811012      2.98798990 0.20024727     
0.46079600 8.72597027      2.95396996 0.15712991     
0.46337700 8.80247021      2.96690011 0.12162213     
0.46597299 8.82820988      2.97123003 0.09230915     
0.46858299 8.85805988      2.97624993 0.07504799     
0.47120801 8.83504009      2.97237992 0.06569679     
0.47384799 8.92376995      2.98727012 0.06658549     
0.47650301 8.87257004      2.97868991 0.07623850     
0.47917199 8.91808987      2.98632002 0.09402523     
0.48185599 9.05167007      3.00860000 0.11625679     
0.48455599 8.93787956      2.98962998 0.13967602     
0.48727000 9.03722000      3.00620008 0.16265463     
