# SAXS profile: number of points = 500, q_min = 0.0299999993294477, q_max = 0.487269997596741, delta_q = 0.000916372742018623
# offset = 0.00000000000000, scaling c = 3.04299491539138e-09, Chi^2 = 427.738223799481
#  q       exp_intensity   error model_intensity
0.03000000 22495.80078125  149.98599243 7439.29439173  
0.03016810 21895.59960938  147.97200012 7393.16073144  
0.03033710 21341.69921875  146.08799744 7346.77965560  
0.03050700 20779.19921875  144.14999390 7300.15218733  
0.03067790 20192.69921875  142.10099792 7253.25021130  
0.03084980 19686.50000000  140.30900574 7206.07372751  
0.03102260 19156.19921875  138.40600586 7158.65589920  
0.03119640 18646.40039062  136.55200195 7111.00468739  
0.03137120 18102.30078125  134.54499817 7063.07974718  
0.03154690 17620.59960938  132.74299622 7014.90763431  
0.03172360 17114.00000000  130.82000732 6966.46077166  
0.03190130 16625.80078125  128.94099426 6917.74018062  
0.03208010 16134.50000000  127.02200317 6868.79067287  
0.03225980 15671.59960938  125.18599701 6819.68400966  
0.03244050 15225.40039062  123.39099884 6770.30452034  
0.03262220 14778.90039062  121.56800079 6720.65118690  
0.03280500 14333.20019531  119.72100067 6670.69754114  
0.03298870 13921.29980469  117.98899841 6620.49753748  
0.03317350 13483.00000000  116.11599731 6570.24953075  
0.03335940 13060.79980469  114.28399658 6519.71924348  
0.03354630 12642.90039062  112.44100189 6468.91758197  
0.03373420 12244.40039062  110.65399933 6417.84353364  
0.03392320 11859.20019531  108.90000153 6366.46975854  
0.03411320 11493.50000000  107.20800018 6315.05590033  
0.03430430 11113.40039062  105.41999817 6263.50079493  
0.03449650 10734.00000000  103.60500336 6211.64820598  
0.03468970 10376.09960938  101.86299896 6159.52727883  
0.03488410 10051.09960938  100.25499725 6107.08173280  
0.03507950 9726.37011719   98.62239838 6054.57147888  
0.03527600 9388.01953125   96.89179993 6002.06838705  
0.03547360 9075.62988281   95.26609802 5949.27066395  
0.03567240 8772.84960938   93.66349792 5896.15242983  
0.03587220 8470.62011719   92.03600311 5842.76743496  
0.03607320 8166.95996094   90.37129974 5789.29019531  
0.03627520 7880.00000000   88.76940155 5735.94960687  
0.03647850 7607.54003906   87.22119904 5682.26570431  
0.03668280 7344.06005859   85.69750214 5628.31816797  
0.03688830 7067.85986328   84.07060242 5574.05289391  
0.03709500 6813.37011719   82.54309845 5519.81570331  
0.03730280 6580.27001953   81.11889648 5465.69563873  
0.03751170 6348.52001953   79.67759705 5411.28935806  
0.03772190 6110.99023438   78.17279816 5356.54446922  
0.03793320 5883.60986328   76.70469666 5301.51239408  
0.03814570 5667.91015625   75.28549957 5246.76310658  
0.03835940 5460.43994141   73.89479828 5191.97779538  
0.03857430 5265.12011719   72.56109619 5136.88496444  
0.03879040 5066.37011719   71.17839813 5081.48461375  
0.03900770 4875.89990234   69.82759857 5025.81165124  
0.03922620 4708.81005859   68.62079620 4970.78693991  
0.03944600 4535.45019531   67.34580231 4915.43481781  
0.03966690 4368.81005859   66.09700012 4859.80594448  
0.03988920 4204.93994141   64.84549713 4803.82339246  
0.04011260 4045.07006836   63.60089874 4748.12514182  
0.04033730 3904.14990234   62.48320007 4692.65620132  
0.04056330 3764.09008789   61.35219955 4636.86723709  
0.04079050 3626.63989258   60.22159958 4580.78215896  
0.04101910 3491.46997070   59.08860016 4524.45203597  
0.04124880 3370.17993164   58.05319977 4468.97239954  
0.04147990 3238.93994141   56.91170120 4413.15354543  
0.04171230 3125.09008789   55.90250015 4357.02156731  
0.04194600 3018.20996094   54.93820190 4300.57466562  
0.04218100 2911.23999023   53.95589828 4244.84691273  
0.04241730 2807.94995117   52.99010086 4189.12052872  
0.04265490 2714.57006836   52.10150146 4133.08665730  
0.04289380 2624.02001953   51.22520065 4076.74705552  
0.04313410 2540.11010742   50.39950180 4020.88606027  
0.04337580 2457.09008789   49.56900024 3965.34383231  
0.04361880 2377.52001953   48.75979996 3909.50369440  
0.04386310 2303.11010742   47.99069977 3853.36393441  
0.04410880 2234.16992188   47.26699829 3797.59033444  
0.04435590 2172.73999023   46.61259842 3742.37031751  
0.04460440 2108.82006836   45.92190170 3686.83727893  
0.04485430 2050.36010742   45.28089905 3630.99121869  
0.04510560 1997.70996094   44.69580078 3575.53008764  
0.04535830 1941.95996094   44.06769943 3520.72823576  
0.04561240 1889.18005371   43.46469879 3465.62342822  
0.04586790 1842.31994629   42.92219925 3410.21404925  
0.04612480 1795.56005859   42.37400055 3355.35545843  
0.04638320 1752.79003906   41.86629868 3301.08604066  
0.04664310 1714.82995605   41.41049957 3246.50053442  
0.04690440 1678.93005371   40.97470093 3191.62162923  
0.04716710 1644.32995605   40.55039978 3137.62153629  
0.04743140 1609.43005371   40.11769867 3083.96812260  
0.04769710 1579.35998535   39.74119949 3030.02960402  
0.04796430 1551.55004883   39.38970184 2975.78707438  
0.04823300 1520.31005859   38.99119949 2922.92607483  
0.04850320 1495.72998047   38.67459869 2870.02870958  
0.04877490 1475.63000488   38.41400146 2816.83816695  
0.04904810 1452.09997559   38.10639954 2763.70716046  
0.04932290 1428.96997070   37.80179977 2711.92503926  
0.04959920 1413.69995117   37.59909821 2659.86002086  
0.04987710 1392.39001465   37.31470108 2607.49385382  
0.05015650 1370.18005371   37.01599884 2556.01411902  
0.05043750 1355.48999023   36.81700134 2505.16348810  
0.05072000 1338.31005859   36.58290100 2454.04117743  
0.05100410 1320.41003418   36.33739853 2402.65992831  
0.05128990 1308.76000977   36.17679977 2353.09826115  
0.05157720 1294.50000000   35.97919846 2303.27689573  
0.05186610 1281.83996582   35.80279922 2253.17774363  
0.05215670 1264.78002930   35.56370163 2203.97773590  
0.05244890 1249.06005859   35.34199905 2155.53400708  
0.05274270 1237.21997070   35.17419815 2106.82408357  
0.05303820 1225.03002930   35.00049973 2058.12453256  
0.05333530 1213.47998047   34.83499908 2011.13394127  
0.05363410 1199.68994141   34.63650131 1963.87526327  
0.05393450 1188.94995117   34.48120117 1916.36322861  
0.05423670 1180.22998047   34.35440063 1870.37016702  
0.05454050 1169.75000000   34.20169830 1824.63506802  
0.05484610 1151.16003418   33.92879868 1778.62909494  
0.05515330 1140.67004395   33.77379990 1733.55363041  
0.05546230 1128.64001465   33.59529877 1689.39623015  
0.05577300 1114.14001465   33.37870026 1644.99607518  
0.05608540 1103.89001465   33.22480011 1600.99534611  
0.05639960 1094.92004395   33.08969879 1558.45804530  
0.05671560 1077.89001465   32.83129883 1515.67664246  
0.05703330 1063.98999023   32.61880112 1472.91504303  
0.05735280 1049.78002930   32.40029907 1432.05679925  
0.05767410 1040.36999512   32.25469971 1390.96845540  
0.05799720 1024.72998047   32.01150131 1349.64953509  
0.05832210 1010.71997070   31.79179955 1310.47736870  
0.05864880 997.34802246    31.58079910 1271.10950634  
0.05897740 981.09301758    31.32239914 1231.51225212  
0.05930780 965.37298584    31.07049942 1193.93541688  
0.05964000 949.24200439    30.80979919 1156.31871340  
0.05997410 935.98602295    30.59390068 1118.48729836  
0.06031010 921.82702637    30.36160088 1082.65140014  
0.06064790 902.27099609    30.03779984 1046.80884584  
0.06098770 888.42498779    29.80649948 1010.75442527  
0.06132940 871.28302002    29.51749992 976.80232369   
0.06167290 856.38299561    29.26399994 942.75757352   
0.06201840 840.85400391    28.99749947 908.63970970   
0.06236590 822.49597168    28.67919922 876.55574963   
0.06271520 802.94201660    28.33620071 844.30566369   
0.06306660 787.27301025    28.05839920 812.30306057   
0.06341990 769.58599854    27.74139977 782.02403667   
0.06377510 751.74200439    27.41790009 751.58218457   
0.06413240 736.95001221    27.14679909 721.80718534   
0.06449170 722.46801758    26.87879944 693.31250055   
0.06485300 703.60797119    26.52560043 664.65886854   
0.06521630 687.35601807    26.21750069 637.18931823   
0.06558160 670.46997070    25.89340019 610.48712696   
0.06594900 652.62799072    25.54660034 583.63080814   
0.06631850 635.80200195    25.21509933 558.52341771   
0.06669000 620.93499756    24.91860008 533.58606859   
0.06706360 602.24902344    24.54080009 508.87273821   
0.06743930 587.02697754    24.22859955 485.80991094   
0.06781710 570.85498047    23.89259911 462.61856555   
0.06819700 557.43499756    23.61009979 440.37841456   
0.06857900 538.20697021    23.19930077 419.02330304   
0.06896320 525.40502930    22.92169952 397.54573865   
0.06934960 510.89199829    22.60289955 377.78566778   
0.06973810 496.14999390    22.27440071 358.11336742   
0.07012870 479.89599609    21.90649986 338.97731153   
0.07052160 466.11099243    21.58959961 321.04507656   
0.07091670 452.41000366    21.26989937 303.01252664   
0.07131390 441.62799072    21.01490021 286.36707794   
0.07171340 425.83801270    20.63579941 270.02140118   
0.07211520 413.38000488    20.33169937 254.09914405   
0.07251920 402.83599854    20.07080078 239.38361411   
0.07292540 391.41500854    19.78420067 224.58775449   
0.07333400 379.20800781    19.47330093 211.10516315   
0.07374480 368.61898804    19.19939995 197.86427012   
0.07415790 357.32299805    18.90299988 185.17729624   
0.07457330 348.22500610    18.66080093 173.44008120   
0.07499110 338.07000732    18.38669968 161.63507940   
0.07541120 328.09600830    18.11339951 151.28492060   
0.07583370 318.00698853    17.83270073 140.90875434   
0.07625850 311.17599487    17.64019966 131.36395654   
0.07668570 302.66598511    17.39730072 122.33986512   
0.07711530 296.56900024    17.22120094 113.63294731   
0.07754730 287.14099121    16.94519997 105.88625479   
0.07798170 279.24499512    16.71059990 98.09640782    
0.07841860 271.87200928    16.48850060 91.49056512    
0.07885790 265.01199341    16.27919960 84.90234652    
0.07929970 259.03100586    16.09440041 79.08716508    
0.07974390 252.04100037    15.87580013 73.62692838    
0.08019060 246.39999390    15.69709969 68.60187463    
0.08063990 240.78500366    15.51720047 64.17732324    
0.08109160 236.71099854    15.38539982 59.93473156    
0.08154590 230.98500061    15.19820023 56.48063641    
0.08200270 225.83000183    15.02760029 53.01292814    
0.08246210 222.21699524    14.90690041 50.44387160    
0.08292400 217.18800354    14.73729992 47.86085733    
0.08338860 214.29200745    14.63869953 45.95356266    
0.08385570 209.28399658    14.46669960 44.17180119    
0.08432550 204.78500366    14.31029987 42.89991637    
0.08479790 201.55400085    14.19699955 41.85285765    
0.08527290 197.74000549    14.06200027 41.18226822    
0.08575060 193.89900208    13.92479992 40.79257274    
0.08623100 190.33500671    13.79619980 40.67856348    
0.08671410 186.88600159    13.67059994 40.86562636    
0.08719990 182.81799316    13.52099991 41.25813750    
0.08768840 179.81199646    13.40939999 41.94681786    
0.08817960 178.50700378    13.36069965 42.79643392    
0.08867360 173.89799500    13.18700027 43.92505847    
0.08917030 170.82299805    13.06989956 45.17928578    
0.08966990 167.60899353    12.94639969 46.67106680    
0.09017220 165.39500427    12.86060047 48.26802386    
0.09067740 160.91000366    12.68500042 50.06141311    
0.09118530 158.25399780    12.57989979 51.94569786    
0.09169620 155.01199341    12.45040035 53.98353877    
0.09220990 151.92599487    12.32579994 56.09411758    
0.09272640 148.69999695    12.19429970 58.30587545    
0.09324590 146.98599243    12.12380028 60.57921495    
0.09376820 145.02699280    12.04269981 62.91935545    
0.09429350 141.46899414    11.89410019 65.29740751    
0.09482180 136.87800598    11.69950008 67.70854102    
0.09535300 134.76600647    11.60890007 70.13034943    
0.09588710 132.66099548    11.51790047 72.56412714    
0.09642430 130.19099426    11.41009998 74.97658703    
0.09696450 126.47699738    11.24619961 77.39309002    
0.09750770 123.34300232    11.10599995 79.73723909    
0.09805390 121.29199982    11.01319981 82.07648375    
0.09860320 118.83000183    10.90089989 84.32028468    
0.09915560 116.65000153    10.80049992 86.53141880    
0.09971110 112.65399933    10.61390018 88.63863337    
0.10027000 109.94599915    10.48550034 90.66857000    
0.10083100 107.58499908    10.37230015 92.60923853    
0.10139600 105.52500153    10.27260017 94.42496404    
0.10196400 102.99400330    10.14859962 96.19077119    
0.10253500 101.13700104    10.05669975 97.74156983    
0.10311000 97.36840057     9.86754036 99.24248496    
0.10368800 95.59169769     9.77709961 100.55778589   
0.10426800 92.86869812     9.63683987 101.75765073   
0.10485200 90.80480194     9.52915955 102.82514654   
0.10544000 88.77649689     9.42212963 103.69931702   
0.10603100 87.35820007     9.34655952 104.49618625   
0.10662500 84.22789764     9.17757988 105.04416111   
0.10722200 82.52349854     9.08423996 105.49348513   
0.10782300 80.76589966     8.98698044 105.77334489   
0.10842700 77.62359619     8.81042957 105.86342010   
0.10903400 76.56520081     8.75014973 105.85925181   
0.10964500 74.34089661     8.62211990 105.59980380   
0.11025900 72.45999908     8.51233959 105.23073829   
0.11087700 71.25530243     8.44128990 104.70978261   
0.11149800 69.31089783     8.32532024 103.98047181   
0.11212200 68.52390289     8.27791977 103.14966249   
0.11275100 66.58419800     8.15991020 102.11771525   
0.11338200 65.17109680     8.07285976 100.94654330   
0.11401700 63.98960114     7.99935007 99.67303175    
0.11465600 61.89239883     7.86716986 98.18233769    
0.11529800 61.27809906     7.82804012 96.59464237    
0.11594400 59.89390182     7.73910999 94.89253382    
0.11659400 57.88629913     7.60831022 93.00898170    
0.11724700 57.69869995     7.59596014 91.04133479    
0.11790400 56.14509964     7.49300003 88.96367620    
0.11856400 54.27289963     7.36701012 86.75348991    
0.11922900 53.76559830     7.33249998 84.46287712    
0.11989600 51.99589920     7.21082020 82.08396221    
0.12056800 51.32500076     7.16415024 79.60206044    
0.12124400 50.20959854     7.08586979 77.06057503    
0.12192300 49.39739990     7.02832985 74.45601958    
0.12260600 47.44919968     6.88834000 71.77992797    
0.12329300 46.72079849     6.83525991 69.06181546    
0.12398300 46.83480072     6.84358978 66.30587205    
0.12467800 44.98830032     6.70733023 63.51205659    
0.12537600 44.09379959     6.64031982 60.70454286    
0.12607899 42.80179977     6.54231024 57.87806789    
0.12678500 42.68519974     6.53339005 55.05640626    
0.12749501 41.23239899     6.42124987 52.23908557    
0.12820899 40.89450073     6.39487982 49.43101411    
0.12892801 40.26810074     6.34571981 46.64247387    
0.12965000 39.02059937     6.24665022 43.90564284    
0.13037600 38.23490143     6.18344021 41.19932448    
0.13110700 37.58459854     6.13063002 38.52548545    
0.13184100 36.47249985     6.03924990 35.92798159    
0.13258000 36.00070190     6.00006008 33.39386395    
0.13332200 35.01570129     5.91740990 30.92531960    
0.13406900 33.88190079     5.82081985 28.52244956    
0.13482000 33.64979935     5.80084991 26.22441715    
0.13557599 32.60049820     5.70969009 24.01534649    
0.13633500 32.04809952     5.66110992 21.89585593    
0.13709900 31.33110046     5.59742022 19.86486944    
0.13786700 30.68320084     5.53923988 17.95002643    
0.13863900 30.16049957     5.49185991 16.16258213    
0.13941599 29.78709984     5.45774984 14.47380887    
0.14019699 29.03619957     5.38851976 12.88747384    
0.14098200 28.17009926     5.30754995 11.41248575    
0.14177200 27.52319908     5.24625015 10.08838473    
0.14256600 27.11260033     5.20697021 8.87668745     
0.14336500 26.32299995     5.13058996 7.77817427     
0.14416800 25.58169937     5.05783987 6.79372041     
0.14497600 25.61689949     5.06130981 5.92125675     
0.14578800 24.74959946     4.97489977 5.20084407     
0.14660500 24.56599998     4.95640993 4.58618812     
0.14742599 24.17840004     4.91715002 4.08158145     
0.14825200 23.62689972     4.86075020 3.68252685     
0.14908201 23.38409996     4.83571005 3.38191934     
0.14991800 22.71990013     4.76654005 3.20676296     
0.15075700 22.61249924     4.75525999 3.13490807     
0.15160200 22.02499962     4.69307995 3.15324528     
0.15245099 21.50300026     4.63713980 3.25619033     
0.15330499 21.45700073     4.63217020 3.44091077     
0.15416400 21.24640083     4.60937977 3.70465528     
0.15502800 20.08639908     4.48179007 4.03662165     
0.15589599 20.21780014     4.49641991 4.44126472     
0.15676901 19.68320084     4.43658018 4.90861112     
0.15764800 19.22820091     4.38499022 5.42471685     
0.15853100 18.61079979     4.31402016 5.98168563     
0.15941900 18.68400002     4.32250023 6.57466209     
0.16031200 18.58729935     4.31129980 7.19659695     
0.16121000 18.35779953     4.28459978 7.84159887     
0.16211300 17.81010056     4.22021008 8.50742380     
0.16302100 17.51309967     4.18486023 9.17070719     
0.16393501 17.50200081     4.18353987 9.84863456     
0.16485301 17.25790024     4.15426016 10.51309116    
0.16577700 16.84709930     4.10451984 11.16691852    
0.16670500 16.69930077     4.08648014 11.79623442    
0.16763900 16.56220055     4.06967020 12.40448865    
0.16857800 16.05830002     4.00727987 12.98177094    
0.16952300 15.91609955     3.98950005 13.52267480    
0.17047200 15.54769993     3.94305992 14.02236124    
0.17142700 15.70740032     3.96325994 14.47710038    
0.17238800 15.42310047     3.92722011 14.88160468    
0.17335300 14.99079990     3.87179995 15.23133332    
0.17432401 14.85779953     3.85457993 15.52700229    
0.17530100 14.78929996     3.84569001 15.76337864    
0.17628300 14.70699978     3.83497000 15.93655403    
0.17727099 14.54469967     3.81375003 16.04970166    
0.17826401 14.08409977     3.75288010 16.09925596    
0.17926200 13.77000046     3.71079993 16.08504317    
0.18026701 13.85760021     3.72257996 16.00913025    
0.18127599 13.96850014     3.73744988 15.87247192    
0.18229200 13.91329956     3.73005009 15.67222703    
0.18331300 13.67570019     3.69806004 15.41551698    
0.18434000 13.12310028     3.62259007 15.10067498    
0.18537299 13.33349991     3.65151000 14.73134443    
0.18641099 13.11750031     3.62180996 14.31367125    
0.18745600 13.02540016     3.60907006 13.84960046    
0.18850601 12.95979977     3.59997010 13.34143040    
0.18956199 12.68640041     3.56180000 12.79710488    
0.19062400 12.55819988     3.54375005 12.21947522    
0.19169199 12.36690044     3.51665998 11.61255207    
0.19276500 12.29930019     3.50704002 10.98615027    
0.19384500 12.09770012     3.47816992 10.33857130    
0.19493100 12.09140015     3.47726989 9.68121629     
0.19602300 12.08069992     3.47572994 9.01625490     
0.19712099 11.72869968     3.42471004 8.34688124     
0.19822600 11.96689987     3.45933008 7.68550821     
0.19933601 11.80720043     3.43617010 7.02939803     
0.20045300 11.74009991     3.42637992 6.39158586     
0.20157599 11.51860046     3.39390993 5.77154370     
0.20270500 11.24320030     3.35308003 5.17481448     
0.20384100 11.23989964     3.35259008 4.60326648     
0.20498200 11.24960041     3.35403991 4.06879077     
0.20613100 11.26220036     3.35593009 3.56534612     
0.20728600 11.29549980     3.36086988 3.10120535     
0.20844699 11.27219963     3.35739994 2.67962385     
0.20961501 11.06579971     3.32652998 2.29894241     
0.21078900 10.92210007     3.30486989 1.96254713     
0.21197000 10.87559986     3.29782009 1.67221807     
0.21315700 10.88780022     3.29966998 1.42444769     
0.21435100 10.58990002     3.25422001 1.23127308     
0.21555200 10.79319954     3.28529000 1.08168651     
0.21675999 10.62020016     3.25886011 0.97668645     
0.21797401 10.55340004     3.24860001 0.91458755     
0.21919499 10.35410023     3.21778989 0.89674227     
0.22042300 10.42609978     3.22895002 0.91673115     
0.22165801 10.35270023     3.21756005 0.97426374     
0.22289900 10.39570045     3.22424006 1.06383787     
0.22414801 10.13529968     3.18359995 1.18599891     
0.22540399 10.18570042     3.19149995 1.33497496     
0.22666700 9.96942043      3.15743995 1.50780619     
0.22793600 9.93299961      3.15166998 1.70031313     
0.22921300 10.12609959     3.18215990 1.90553453     
0.23049700 9.82944012      3.13519001 2.12399831     
0.23178899 9.89095020      3.14498997 2.34668521     
0.23308700 9.87559032      3.14253998 2.57682217     
0.23439300 9.90264988      3.14685011 2.79759846     
0.23570600 9.72846031      3.11905003 3.01534859     
0.23702601 9.72898960      3.11912990 3.22480077     
0.23835400 9.75022984      3.12254000 3.42099919     
0.23968901 9.59939957      3.09828997 3.59899137     
0.24103200 9.66506004      3.10887003 3.76081098     
0.24238200 9.56575012      3.09284997 3.89687818     
0.24374001 9.41903973      3.06904006 4.01180738     
0.24510600 9.46512985      3.07655001 4.10184639     
0.24647900 9.41291046      3.06804991 4.16096922     
0.24786000 9.25277042      3.04184008 4.19810137     
0.24924800 9.30900955      3.05106997 4.20216010     
0.25064400 9.17319012      3.02872992 4.17675912     
0.25204900 9.08047962      3.01338005 4.13137926     
0.25346100 9.19235992      3.03188992 4.05215679     
0.25488001 8.96438026      2.99406004 3.95064984     
0.25630799 9.08409977      3.01397991 3.82346063     
0.25774401 8.97797966      2.99633002 3.67812932     
0.25918800 9.08545017      3.01420999 3.51291633     
0.26064000 9.08403015      3.01396990 3.32666027     
0.26210001 8.92304039      2.98714995 3.13152700     
0.26356801 8.82022953      2.96989012 2.92365323     
0.26504499 8.73929977      2.95622993 2.70924864     
0.26653001 8.66028023      2.94284010 2.48764835     
0.26802301 8.69176960      2.94817996 2.26962609     
0.26952401 8.89500046      2.98245001 2.04997192     
0.27103400 8.69032955      2.94794011 1.83784912     
0.27255300 8.66860962      2.94425011 1.63347693     
0.27407899 8.52289009      2.91939998 1.43845687     
0.27561501 8.53979969      2.92229009 1.25679072     
0.27715901 8.48209953      2.91240001 1.09034907     
0.27871200 8.58753967      2.93044996 0.94185897     
0.28027299 8.53114033      2.92080998 0.81275116     
0.28184301 8.40215969      2.89864993 0.70205426     
0.28342199 8.43570042      2.90442991 0.61434993     
0.28501001 8.38901043      2.89637995 0.54259152     
0.28660601 8.39177036      2.89685011 0.49929651     
0.28821200 8.32266998      2.88490009 0.47225643     
0.28982601 8.20038033      2.86363006 0.46645641     
0.29144999 8.40688038      2.89946008 0.47773345     
0.29308301 8.43614960      2.90451002 0.50730743     
0.29472500 8.21407032      2.86601996 0.55327157     
0.29637599 8.31245995      2.88313007 0.61282458     
0.29803601 8.29759026      2.88054991 0.68246553     
0.29970601 8.33913040      2.88774991 0.76201525     
0.30138499 8.31820011      2.88413000 0.84574873     
0.30307299 8.22721004      2.86830997 0.93851810     
0.30477101 8.25004005      2.87228990 1.02866031     
0.30647799 8.22443008      2.86783004 1.11798951     
0.30819499 8.29298973      2.87976003 1.20521217     
0.30992201 8.31418037      2.88343000 1.28368694     
0.31165799 8.24131012      2.87076998 1.35633582     
0.31340399 8.28656006      2.87863994 1.41919870     
0.31515899 8.26708984      2.87525010 1.47029872     
0.31692499 8.14867020      2.85458994 1.50648121     
0.31869999 8.19935989      2.86345005 1.53098946     
0.32048601 8.22332001      2.86763000 1.53940518     
0.32228100 8.24071980      2.87066007 1.53622513     
0.32408699 8.31803036      2.88409996 1.51574453     
0.32590199 8.23254013      2.86924005 1.48111441     
0.32772800 8.30554008      2.88193011 1.43318382     
0.32956401 8.25759983      2.87360001 1.37305709     
0.33140999 8.20365047      2.86420012 1.30265408     
0.33326700 8.32779026      2.88579011 1.22081409     
0.33513400 8.53110981      2.92080998 1.13417610     
0.33701101 8.48939037      2.91366005 1.03883818     
0.33889899 8.48915005      2.91362000 0.94232525     
0.34079701 8.60031986      2.93263006 0.84370035     
0.34270701 8.61826992      2.93568993 0.74513859     
0.34462601 8.65437984      2.94182992 0.65017610     
0.34655699 8.66014957      2.94281006 0.56149826     
0.34849900 8.85614014      2.97592998 0.47796438     
0.35045099 8.80704975      2.96766996 0.40391605     
0.35241401 8.82590961      2.97083998 0.33928416     
0.35438800 8.77398014      2.96209002 0.28495719     
0.35637400 8.70001030      2.94957995 0.24260314     
0.35837001 8.79668045      2.96591997 0.21320178     
0.36037800 8.98855972      2.99809003 0.19576060     
0.36239699 8.77560043      2.96235991 0.19123752     
0.36442700 8.83934021      2.97309995 0.19741925     
0.36646801 8.84125042      2.97341990 0.21506247     
0.36852100 8.81336975      2.96872997 0.24219821     
0.37058601 8.86242008      2.97697997 0.27745207     
0.37266201 8.89599037      2.98260999 0.31691949     
0.37474900 8.80502033      2.96731997 0.36407594     
0.37684900 8.76587963      2.96072006 0.41428597     
0.37896001 8.90538025      2.98418999 0.46344850     
0.38108301 8.90678024      2.98442006 0.51028718     
0.38321799 8.84309959      2.97374010 0.55593147     
0.38536400 8.81451988      2.96893001 0.59643777     
0.38752300 8.73793030      2.95600009 0.62895123     
0.38969401 8.67029953      2.94454002 0.65467374     
0.39187700 8.78804016      2.96445990 0.67324282     
0.39407301 8.86061954      2.97668004 0.68062201     
0.39627999 8.85356998      2.97549009 0.67810335     
0.39850000 8.71461964      2.95204997 0.66570702     
0.40073299 8.76714993      2.96093988 0.64532817     
0.40297800 8.66835022      2.94421005 0.61408663     
0.40523499 8.74273014      2.95681000 0.57658134     
0.40750501 8.70705986      2.95076990 0.53386915     
0.40978801 8.74575996      2.95731997 0.48400037     
0.41208401 8.83028984      2.97158003 0.43444627     
0.41439199 8.80440044      2.96722007 0.38081508     
0.41671401 8.81853008      2.96959996 0.33043289     
0.41904801 8.72052002      2.95304990 0.28078763     
0.42139599 8.72943020      2.95456004 0.23671726     
0.42375600 8.79131031      2.96500993 0.19831930     
0.42613000 8.64659023      2.94051003 0.16659018     
0.42851701 8.69355965      2.94847989 0.14330016     
0.43091801 8.59193039      2.93120003 0.12920760     
0.43333200 8.66501045      2.94363999 0.12279436     
0.43575999 8.80578995      2.96745992 0.12597795     
0.43820101 8.67893982      2.94600010 0.13717772     
0.44065601 8.85229015      2.97528005 0.15465682     
0.44312400 8.73285007      2.95514011 0.17896293     
0.44560701 8.79827023      2.96619010 0.20603817     
0.44810301 8.74367046      2.95696998 0.23712764     
0.45061299 8.88171959      2.98022008 0.26843492     
0.45313701 8.74804020      2.95771003 0.29900163     
0.45567599 8.83051014      2.97162008 0.32605794     
0.45822901 8.92811012      2.98798990 0.34889892     
0.46079600 8.72597027      2.95396996 0.36536217     
0.46337700 8.80247021      2.96690011 0.37645408     
0.46597299 8.82820988      2.97123003 0.37913506     
0.46858299 8.85805988      2.97624993 0.37551039     
0.47120801 8.83504009      2.97237992 0.36259763     
0.47384799 8.92376995      2.98727012 0.34263755     
0.47650301 8.87257004      2.97868991 0.31685044     
0.47917199 8.91808987      2.98632002 0.28646907     
0.48185599 9.05167007      3.00860000 0.25242327     
0.48455599 8.93787956      2.98962998 0.21592274     
0.48727000 9.03722000      3.00620008 0.17936950     
