0.03        22495.8        149.986
0.0301681        21895.6        147.972
0.0303371        21341.7        146.088
0.030507        20779.2        144.15
0.0306779        20192.7        142.101
0.0308498        19686.5        140.309
0.0310226        19156.2        138.406
0.0311964        18646.4        136.552
0.0313712        18102.3        134.545
0.0315469        17620.6        132.743
0.0317236        17114        130.82
0.0319013        16625.8        128.941
0.0320801        16134.5        127.022
0.0322598        15671.6        125.186
0.0324405        15225.4        123.391
0.0326222        14778.9        121.568
0.032805        14333.2        119.721
0.0329887        13921.3        117.989
0.0331735        13483        116.116
0.0333594        13060.8        114.284
0.0335463        12642.9        112.441
0.0337342        12244.4        110.654
0.0339232        11859.2        108.9
0.0341132        11493.5        107.208
0.0343043        11113.4        105.42
0.0344965        10734        103.605
0.0346897        10376.1        101.863
0.0348841        10051.1        100.255
0.0350795        9726.37        98.6224
0.035276        9388.02        96.8918
0.0354736        9075.63        95.2661
0.0356724        8772.85        93.6635
0.0358722        8470.62        92.036
0.0360732        8166.96        90.3713
0.0362752        7880        88.7694
0.0364785        7607.54        87.2212
0.0366828        7344.06        85.6975
0.0368883        7067.86        84.0706
0.037095        6813.37        82.5431
0.0373028        6580.27        81.1189
0.0375117        6348.52        79.6776
0.0377219        6110.99        78.1728
0.0379332        5883.61        76.7047
0.0381457        5667.91        75.2855
0.0383594        5460.44        73.8948
0.0385743        5265.12        72.5611
0.0387904        5066.37        71.1784
0.0390077        4875.9        69.8276
0.0392262        4708.81        68.6208
0.039446        4535.45        67.3458
0.0396669        4368.81        66.097
0.0398892        4204.94        64.8455
0.0401126        4045.07        63.6009
0.0403373        3904.15        62.4832
0.0405633        3764.09        61.3522
0.0407905        3626.64        60.2216
0.0410191        3491.47        59.0886
0.0412488        3370.18        58.0532
0.0414799        3238.94        56.9117
0.0417123        3125.09        55.9025
0.041946        3018.21        54.9382
0.042181        2911.24        53.9559
0.0424173        2807.95        52.9901
0.0426549        2714.57        52.1015
0.0428938        2624.02        51.2252
0.0431341        2540.11        50.3995
0.0433758        2457.09        49.569
0.0436188        2377.52        48.7598
0.0438631        2303.11        47.9907
0.0441088        2234.17        47.267
0.0443559        2172.74        46.6126
0.0446044        2108.82        45.9219
0.0448543        2050.36        45.2809
0.0451056        1997.71        44.6958
0.0453583        1941.96        44.0677
0.0456124        1889.18        43.4647
0.0458679        1842.32        42.9222
0.0461248        1795.56        42.374
0.0463832        1752.79        41.8663
0.0466431        1714.83        41.4105
0.0469044        1678.93        40.9747
0.0471671        1644.33        40.5504
0.0474314        1609.43        40.1177
0.0476971        1579.36        39.7412
0.0479643        1551.55        39.3897
0.048233        1520.31        38.9912
0.0485032        1495.73        38.6746
0.0487749        1475.63        38.414
0.0490481        1452.1        38.1064
0.0493229        1428.97        37.8018
0.0495992        1413.7        37.5991
0.0498771        1392.39        37.3147
0.0501565        1370.18        37.016
0.0504375        1355.49        36.817
0.05072        1338.31        36.5829
0.0510041        1320.41        36.3374
0.0512899        1308.76        36.1768
0.0515772        1294.5        35.9792
0.0518661        1281.84        35.8028
0.0521567        1264.78        35.5637
0.0524489        1249.06        35.342
0.0527427        1237.22        35.1742
0.0530382        1225.03        35.0005
0.0533353        1213.48        34.835
0.0536341        1199.69        34.6365
0.0539345        1188.95        34.4812
0.0542367        1180.23        34.3544
0.0545405        1169.75        34.2017
0.0548461        1151.16        33.9288
0.0551533        1140.67        33.7738
0.0554623        1128.64        33.5953
0.055773        1114.14        33.3787
0.0560854        1103.89        33.2248
0.0563996        1094.92        33.0897
0.0567156        1077.89        32.8313
0.0570333        1063.99        32.6188
0.0573528        1049.78        32.4003
0.0576741        1040.37        32.2547
0.0579972        1024.73        32.0115
0.0583221        1010.72        31.7918
0.0586488        997.348        31.5808
0.0589774        981.093        31.3224
0.0593078        965.373        31.0705
0.05964        949.242        30.8098
0.0599741        935.986        30.5939
0.0603101        921.827        30.3616
0.0606479        902.271        30.0378
0.0609877        888.425        29.8065
0.0613294        871.283        29.5175
0.0616729        856.383        29.264
0.0620184        840.854        28.9975
0.0623659        822.496        28.6792
0.0627152        802.942        28.3362
0.0630666        787.273        28.0584
0.0634199        769.586        27.7414
0.0637751        751.742        27.4179
0.0641324        736.95        27.1468
0.0644917        722.468        26.8788
0.064853        703.608        26.5256
0.0652163        687.356        26.2175
0.0655816        670.47        25.8934
0.065949        652.628        25.5466
0.0663185        635.802        25.2151
0.06669        620.935        24.9186
0.0670636        602.249        24.5408
0.0674393        587.027        24.2286
0.0678171        570.855        23.8926
0.068197        557.435        23.6101
0.068579        538.207        23.1993
0.0689632        525.405        22.9217
0.0693496        510.892        22.6029
0.0697381        496.15        22.2744
0.0701287        479.896        21.9065
0.0705216        466.111        21.5896
0.0709167        452.41        21.2699
0.0713139        441.628        21.0149
0.0717134        425.838        20.6358
0.0721152        413.38        20.3317
0.0725192        402.836        20.0708
0.0729254        391.415        19.7842
0.073334        379.208        19.4733
0.0737448        368.619        19.1994
0.0741579        357.323        18.903
0.0745733        348.225        18.6608
0.0749911        338.07        18.3867
0.0754112        328.096        18.1134
0.0758337        318.007        17.8327
0.0762585        311.176        17.6402
0.0766857        302.666        17.3973
0.0771153        296.569        17.2212
0.0775473        287.141        16.9452
0.0779817        279.245        16.7106
0.0784186        271.872        16.4885
0.0788579        265.012        16.2792
0.0792997        259.031        16.0944
0.0797439        252.041        15.8758
0.0801906        246.4        15.6971
0.0806399        240.785        15.5172
0.0810916        236.711        15.3854
0.0815459        230.985        15.1982
0.0820027        225.83        15.0276
0.0824621        222.217        14.9069
0.082924        217.188        14.7373
0.0833886        214.292        14.6387
0.0838557        209.284        14.4667
0.0843255        204.785        14.3103
0.0847979        201.554        14.197
0.0852729        197.74        14.062
0.0857506        193.899        13.9248
0.086231        190.335        13.7962
0.0867141        186.886        13.6706
0.0871999        182.818        13.521
0.0876884        179.812        13.4094
0.0881796        178.507        13.3607
0.0886736        173.898        13.187
0.0891703        170.823        13.0699
0.0896699        167.609        12.9464
0.0901722        165.395        12.8606
0.0906774        160.91        12.685
0.0911853        158.254        12.5799
0.0916962        155.012        12.4504
0.0922099        151.926        12.3258
0.0927264        148.7        12.1943
0.0932459        146.986        12.1238
0.0937682        145.027        12.0427
0.0942935        141.469        11.8941
0.0948218        136.878        11.6995
0.095353        134.766        11.6089
0.0958871        132.661        11.5179
0.0964243        130.191        11.4101
0.0969645        126.477        11.2462
0.0975077        123.343        11.106
0.0980539        121.292        11.0132
0.0986032        118.83        10.9009
0.0991556        116.65        10.8005
0.0997111        112.654        10.6139
0.10027        109.946        10.4855
0.100831        107.585        10.3723
0.101396        105.525        10.2726
0.101964        102.994        10.1486
0.102535        101.137        10.0567
0.10311        97.3684        9.86754
0.103688        95.5917        9.7771
0.104268        92.8687        9.63684
0.104852        90.8048        9.52916
0.10544        88.7765        9.42213
0.106031        87.3582        9.34656
0.106625        84.2279        9.17758
0.107222        82.5235        9.08424
0.107823        80.7659        8.98698
0.108427        77.6236        8.81043
0.109034        76.5652        8.75015
0.109645        74.3409        8.62212
0.110259        72.46        8.51234
0.110877        71.2553        8.44129
0.111498        69.3109        8.32532
0.112122        68.5239        8.27792
0.112751        66.5842        8.15991
0.113382        65.1711        8.07286
0.114017        63.9896        7.99935
0.114656        61.8924        7.86717
0.115298        61.2781        7.82804
0.115944        59.8939        7.73911
0.116594        57.8863        7.60831
0.117247        57.6987        7.59596
0.117904        56.1451        7.493
0.118564        54.2729        7.36701
0.119229        53.7656        7.3325
0.119896        51.9959        7.21082
0.120568        51.325        7.16415
0.121244        50.2096        7.08587
0.121923        49.3974        7.02833
0.122606        47.4492        6.88834
0.123293        46.7208        6.83526
0.123983        46.8348        6.84359
0.124678        44.9883        6.70733
0.125376        44.0938        6.64032
0.126079        42.8018        6.54231
0.126785        42.6852        6.53339
0.127495        41.2324        6.42125
0.128209        40.8945        6.39488
0.128928        40.2681        6.34572
0.12965        39.0206        6.24665
0.130376        38.2349        6.18344
0.131107        37.5846        6.13063
0.131841        36.4725        6.03925
0.13258        36.0007        6.00006
0.133322        35.0157        5.91741
0.134069        33.8819        5.82082
0.13482        33.6498        5.80085
0.135576        32.6005        5.70969
0.136335        32.0481        5.66111
0.137099        31.3311        5.59742
0.137867        30.6832        5.53924
0.138639        30.1605        5.49186
0.139416        29.7871        5.45775
0.140197        29.0362        5.38852
0.140982        28.1701        5.30755
0.141772        27.5232        5.24625
0.142566        27.1126        5.20697
0.143365        26.323        5.13059
0.144168        25.5817        5.05784
0.144976        25.6169        5.06131
0.145788        24.7496        4.9749
0.146605        24.566        4.95641
0.147426        24.1784        4.91715
0.148252        23.6269        4.86075
0.149082        23.3841        4.83571
0.149918        22.7199        4.76654
0.150757        22.6125        4.75526
0.151602        22.025        4.69308
0.152451        21.503        4.63714
0.153305        21.457        4.63217
0.154164        21.2464        4.60938
0.155028        20.0864        4.48179
0.155896        20.2178        4.49642
0.156769        19.6832        4.43658
0.157648        19.2282        4.38499
0.158531        18.6108        4.31402
0.159419        18.684        4.3225
0.160312        18.5873        4.3113
0.16121        18.3578        4.2846
0.162113        17.8101        4.22021
0.163021        17.5131        4.18486
0.163935        17.502        4.18354
0.164853        17.2579        4.15426
0.165777        16.8471        4.10452
0.166705        16.6993        4.08648
0.167639        16.5622        4.06967
0.168578        16.0583        4.00728
0.169523        15.9161        3.9895
0.170472        15.5477        3.94306
0.171427        15.7074        3.96326
0.172388        15.4231        3.92722
0.173353        14.9908        3.8718
0.174324        14.8578        3.85458
0.175301        14.7893        3.84569
0.176283        14.707        3.83497
0.177271        14.5447        3.81375
0.178264        14.0841        3.75288
0.179262        13.77        3.7108
0.180267        13.8576        3.72258
0.181276        13.9685        3.73745
0.182292        13.9133        3.73005
0.183313        13.6757        3.69806
0.18434        13.1231        3.62259
0.185373        13.3335        3.65151
0.186411        13.1175        3.62181
0.187456        13.0254        3.60907
0.188506        12.9598        3.59997
0.189562        12.6864        3.5618
0.190624        12.5582        3.54375
0.191692        12.3669        3.51666
0.192765        12.2993        3.50704
0.193845        12.0977        3.47817
0.194931        12.0914        3.47727
0.196023        12.0807        3.47573
0.197121        11.7287        3.42471
0.198226        11.9669        3.45933
0.199336        11.8072        3.43617
0.200453        11.7401        3.42638
0.201576        11.5186        3.39391
0.202705        11.2432        3.35308
0.203841        11.2399        3.35259
0.204982        11.2496        3.35404
0.206131        11.2622        3.35593
0.207286        11.2955        3.36087
0.208447        11.2722        3.3574
0.209615        11.0658        3.32653
0.210789        10.9221        3.30487
0.21197        10.8756        3.29782
0.213157        10.8878        3.29967
0.214351        10.5899        3.25422
0.215552        10.7932        3.28529
0.21676        10.6202        3.25886
0.217974        10.5534        3.2486
0.219195        10.3541        3.21779
0.220423        10.4261        3.22895
0.221658        10.3527        3.21756
0.222899        10.3957        3.22424
0.224148        10.1353        3.1836
0.225404        10.1857        3.1915
0.226667        9.96942        3.15744
0.227936        9.933        3.15167
0.229213        10.1261        3.18216
0.230497        9.82944        3.13519
0.231789        9.89095        3.14499
0.233087        9.87559        3.14254
0.234393        9.90265        3.14685
0.235706        9.72846        3.11905
0.237026        9.72899        3.11913
0.238354        9.75023        3.12254
0.239689        9.5994        3.09829
0.241032        9.66506        3.10887
0.242382        9.56575        3.09285
0.24374        9.41904        3.06904
0.245106        9.46513        3.07655
0.246479        9.41291        3.06805
0.24786        9.25277        3.04184
0.249248        9.30901        3.05107
0.250644        9.17319        3.02873
0.252049        9.08048        3.01338
0.253461        9.19236        3.03189
0.25488        8.96438        2.99406
0.256308        9.0841        3.01398
0.257744        8.97798        2.99633
0.259188        9.08545        3.01421
0.26064        9.08403        3.01397
0.2621        8.92304        2.98715
0.263568        8.82023        2.96989
0.265045        8.7393        2.95623
0.26653        8.66028        2.94284
0.268023        8.69177        2.94818
0.269524        8.895        2.98245
0.271034        8.69033        2.94794
0.272553        8.66861        2.94425
0.274079        8.52289        2.9194
0.275615        8.5398        2.92229
0.277159        8.4821        2.9124
0.278712        8.58754        2.93045
0.280273        8.53114        2.92081
0.281843        8.40216        2.89865
0.283422        8.4357        2.90443
0.28501        8.38901        2.89638
0.286606        8.39177        2.89685
0.288212        8.32267        2.8849
0.289826        8.20038        2.86363
0.29145        8.40688        2.89946
0.293083        8.43615        2.90451
0.294725        8.21407        2.86602
0.296376        8.31246        2.88313
0.298036        8.29759        2.88055
0.299706        8.33913        2.88775
0.301385        8.3182        2.88413
0.303073        8.22721        2.86831
0.304771        8.25004        2.87229
0.306478        8.22443        2.86783
0.308195        8.29299        2.87976
0.309922        8.31418        2.88343
0.311658        8.24131        2.87077
0.313404        8.28656        2.87864
0.315159        8.26709        2.87525
0.316925        8.14867        2.85459
0.3187        8.19936        2.86345
0.320486        8.22332        2.86763
0.322281        8.24072        2.87066
0.324087        8.31803        2.8841
0.325902        8.23254        2.86924
0.327728        8.30554        2.88193
0.329564        8.2576        2.8736
0.33141        8.20365        2.8642
0.333267        8.32779        2.88579
0.335134        8.53111        2.92081
0.337011        8.48939        2.91366
0.338899        8.48915        2.91362
0.340797        8.60032        2.93263
0.342707        8.61827        2.93569
0.344626        8.65438        2.94183
0.346557        8.66015        2.94281
0.348499        8.85614        2.97593
0.350451        8.80705        2.96767
0.352414        8.82591        2.97084
0.354388        8.77398        2.96209
0.356374        8.70001        2.94958
0.35837        8.79668        2.96592
0.360378        8.98856        2.99809
0.362397        8.7756        2.96236
0.364427        8.83934        2.9731
0.366468        8.84125        2.97342
0.368521        8.81337        2.96873
0.370586        8.86242        2.97698
0.372662        8.89599        2.98261
0.374749        8.80502        2.96732
0.376849        8.76588        2.96072
0.37896        8.90538        2.98419
0.381083        8.90678        2.98442
0.383218        8.8431        2.97374
0.385364        8.81452        2.96893
0.387523        8.73793        2.956
0.389694        8.6703        2.94454
0.391877        8.78804        2.96446
0.394073        8.86062        2.97668
0.39628        8.85357        2.97549
0.3985        8.71462        2.95205
0.400733        8.76715        2.96094
0.402978        8.66835        2.94421
0.405235        8.74273        2.95681
0.407505        8.70706        2.95077
0.409788        8.74576        2.95732
0.412084        8.83029        2.97158
0.414392        8.8044        2.96722
0.416714        8.81853        2.9696
0.419048        8.72052        2.95305
0.421396        8.72943        2.95456
0.423756        8.79131        2.96501
0.42613        8.64659        2.94051
0.428517        8.69356        2.94848
0.430918        8.59193        2.9312
0.433332        8.66501        2.94364
0.43576        8.80579        2.96746
0.438201        8.67894        2.946
0.440656        8.85229        2.97528
0.443124        8.73285        2.95514
0.445607        8.79827        2.96619
0.448103        8.74367        2.95697
0.450613        8.88172        2.98022
0.453137        8.74804        2.95771
0.455676        8.83051        2.97162
0.458229        8.92811        2.98799
0.460796        8.72597        2.95397
0.463377        8.80247        2.9669
0.465973        8.82821        2.97123
0.468583        8.85806        2.97625
0.471208        8.83504        2.97238
0.473848        8.92377        2.98727
0.476503        8.87257        2.97869
0.479172        8.91809        2.98632
0.481856        9.05167        3.0086
0.484556        8.93788        2.98963
0.48727        9.03722        3.0062
